0.18141344272362706	1.024948864378801	0.020273963772153174	nan	nan	nan	nan	nan	nan	nan	nan	nan	nan	nan	nan	nan	nan	nan	nan	nan	nan
0.1827067528060567	1.0365563116175143	0.019651736529427696	nan	nan	nan	nan	nan	nan	nan	nan	nan	nan	nan	nan	nan	nan	nan	nan	nan	nan
0.18400396368801109	1.012684001953398	0.019396800232345683	nan	nan	nan	nan	nan	nan	nan	nan	nan	nan	nan	nan	nan	nan	nan	nan	nan	nan
0.18530509304415949	1.0055246598730359	0.01908292415902588	nan	nan	nan	nan	nan	nan	nan	nan	nan	nan	nan	nan	nan	nan	nan	nan	nan	nan
0.18661015865611238	1.0506607271465682	0.01996022415166512	nan	nan	nan	nan	nan	nan	nan	nan	nan	nan	nan	nan	nan	nan	nan	nan	nan	nan
0.18791917841323097	1.0315017976345635	0.019837598176575922	nan	nan	nan	nan	nan	nan	nan	nan	nan	nan	nan	nan	nan	nan	nan	nan	nan	nan
0.18923217031344505	1.0199879510760625	0.019548159637888536	nan	nan	nan	nan	nan	nan	nan	nan	nan	nan	nan	nan	nan	nan	nan	nan	nan	nan
0.19054915246407772	1.0247454446686939	0.019661186916474917	nan	nan	nan	nan	nan	nan	nan	nan	nan	nan	nan	nan	nan	nan	nan	nan	nan	nan
0.19187014308267752	0.9926055347540963	0.01936082926374269	nan	nan	nan	nan	nan	nan	nan	nan	nan	nan	nan	nan	nan	nan	nan	nan	nan	nan
0.193195160497859	1.0275959096721226	0.019633905784239923	nan	nan	nan	nan	nan	nan	nan	nan	nan	nan	nan	nan	nan	nan	nan	nan	nan	nan
0.19452422315014986	0.9949829945228447	0.019239857529956602	nan	nan	nan	nan	nan	nan	nan	nan	nan	nan	nan	nan	nan	nan	nan	nan	nan	nan
0.1958573495928467	1.0033320165850377	0.01945365743806591	nan	nan	nan	nan	nan	nan	nan	nan	nan	nan	nan	nan	nan	nan	nan	nan	nan	nan
0.19719455849287848	1.0395089187667301	0.019817727524663414	nan	nan	nan	nan	nan	nan	nan	nan	nan	nan	nan	nan	nan	nan	nan	nan	nan	nan
0.19853586863167733	1.068316499633849	0.020197715783316725	nan	nan	nan	nan	nan	nan	nan	nan	nan	nan	nan	nan	nan	nan	nan	nan	nan	nan
0.19988129890605852	1.0193483627589817	0.019577131592475074	nan	nan	nan	nan	nan	nan	nan	nan	nan	nan	nan	nan	nan	nan	nan	nan	nan	nan
0.20123086832910717	1.0299632203071565	0.019995369149151895	nan	nan	nan	nan	nan	nan	nan	nan	nan	nan	nan	nan	nan	nan	nan	nan	nan	nan
0.20258459603107448	1.0070075323175287	0.0193065522702432	nan	nan	nan	nan	nan	nan	nan	nan	nan	nan	nan	nan	nan	nan	nan	nan	nan	nan
0.20394250126028132	1.0077469934635213	0.019425545190483253	nan	nan	nan	nan	nan	nan	nan	nan	nan	nan	nan	nan	nan	nan	nan	nan	nan	nan
0.20530460338403056	1.0444758470022284	0.020062298290995734	nan	nan	nan	nan	nan	nan	nan	nan	nan	nan	nan	nan	nan	nan	nan	nan	nan	nan
0.20667092188952807	1.0373999233117475	0.020051532263939895	nan	nan	nan	nan	nan	nan	nan	nan	nan	nan	nan	nan	nan	nan	nan	nan	nan	nan
0.2080414763848116	1.010198912930324	0.01980962826069535	nan	nan	nan	nan	nan	nan	nan	nan	nan	nan	nan	nan	nan	nan	nan	nan	nan	nan
0.20941628659968922	1.0223029086739286	0.01976022454035526	1.0515154213180409	0.01478599395648696	nan	nan	nan	nan	nan	nan	nan	nan	nan	nan	nan	nan	nan	nan	nan	nan
0.21079537238668591	1.0154145051353707	0.019830138413280744	0.9946912071844359	0.013207821481255572	nan	nan	nan	nan	nan	nan	nan	nan	nan	nan	nan	nan	nan	nan	nan	nan
0.2121787537219991	1.0593362606637933	0.020497466151062155	1.0259888551480014	0.013515148152556156	nan	nan	nan	nan	nan	nan	nan	nan	nan	nan	nan	nan	nan	nan	nan	nan
0.21356645070646307	1.0414458065114343	0.020173369392896417	1.0279164854394716	0.013677565230109311	nan	nan	nan	nan	nan	nan	nan	nan	nan	nan	nan	nan	nan	nan	nan	nan
0.214958483566523	1.0365295561870196	0.020519986030642926	1.0279690255491818	0.013472639979010928	nan	nan	nan	nan	nan	nan	nan	nan	nan	nan	nan	nan	nan	nan	nan	nan
0.2163548726552171	1.0086335639599857	0.019874521842017243	1.0355140667072342	0.013705275181904722	nan	nan	nan	nan	nan	nan	nan	nan	nan	nan	nan	nan	nan	nan	nan	nan
0.21775563845316898	1.021151575597193	0.020108474116741437	0.9933457560625266	0.013273349264738605	nan	nan	nan	nan	nan	nan	nan	nan	nan	nan	nan	nan	nan	nan	nan	nan
0.2191608015695888	1.0174757004146915	0.020181731229601978	1.0347228702152307	0.013632003338976347	nan	nan	nan	nan	nan	nan	nan	nan	nan	nan	nan	nan	nan	nan	nan	nan
0.2205703827432839	1.025712496895892	0.020435357919971454	0.9798730862702287	0.01290870234093993	nan	nan	nan	nan	nan	nan	nan	nan	nan	nan	nan	nan	nan	nan	nan	nan
0.22198440284367937	1.0200869493241498	0.020436938667047974	0.9862544072638414	0.013386722178452283	nan	nan	nan	nan	nan	nan	nan	nan	nan	nan	nan	nan	nan	nan	nan	nan
0.22340288287184776	0.995952806288765	0.057550697466720036	1.0464583405160126	0.013944537475449128	nan	nan	nan	nan	nan	nan	nan	nan	nan	nan	nan	nan	nan	nan	nan	nan
0.22482584396154875	nan	nan	1.0386826013072705	0.013730569482197348	nan	nan	nan	nan	nan	nan	nan	nan	nan	nan	nan	nan	nan	nan	nan	nan
0.22625330738027907	nan	nan	1.013359867441038	0.013636526926733089	nan	nan	nan	nan	nan	nan	nan	nan	nan	nan	nan	nan	nan	nan	nan	nan
0.2276852945303316	nan	nan	1.0605182688505754	0.014020799568954955	nan	nan	nan	nan	nan	nan	nan	nan	nan	nan	nan	nan	nan	nan	nan	nan
0.22912182694986538	nan	nan	1.0035699559310534	0.013340612520977803	nan	nan	nan	nan	nan	nan	nan	nan	nan	nan	nan	nan	nan	nan	nan	nan
0.23056292631398514	nan	nan	1.0361572286144758	0.013797217891336155	nan	nan	nan	nan	nan	nan	nan	nan	nan	nan	nan	nan	nan	nan	nan	nan
0.23200861443583173	nan	nan	1.0179674904162999	0.013566534545023856	nan	nan	nan	nan	nan	nan	nan	nan	nan	nan	nan	nan	nan	nan	nan	nan
0.23345891326768264	nan	nan	1.001703337635692	0.013564646095238313	nan	nan	nan	nan	nan	nan	nan	nan	nan	nan	nan	nan	nan	nan	nan	nan
0.23491384490206305	nan	nan	1.0076370197794684	0.013469987505874728	nan	nan	nan	nan	nan	nan	nan	nan	nan	nan	nan	nan	nan	nan	nan	nan
0.23637343157286764	nan	nan	1.0353975238845796	0.013798878036561126	nan	nan	nan	nan	nan	nan	nan	nan	nan	nan	nan	nan	nan	nan	nan	nan
0.2378376956564933	nan	nan	1.016961942873078	0.013478731676396011	nan	nan	nan	nan	nan	nan	nan	nan	nan	nan	nan	nan	nan	nan	nan	nan
0.23930665967298237	nan	nan	1.0245426691900315	0.013787955532382913	nan	nan	nan	nan	nan	nan	nan	nan	nan	nan	nan	nan	nan	nan	nan	nan
0.2407803462871776	nan	nan	1.0229555462182833	0.013880083265821394	nan	nan	nan	nan	nan	nan	nan	nan	nan	nan	nan	nan	nan	nan	nan	nan
0.2422587783098874	nan	nan	1.021490349674188	0.01387789734224945	nan	nan	nan	nan	nan	nan	nan	nan	nan	nan	nan	nan	nan	nan	nan	nan
0.24374197869906297	nan	nan	1.003416341616523	0.013460826815328935	nan	nan	nan	nan	nan	nan	nan	nan	nan	nan	nan	nan	nan	nan	nan	nan
0.24522997056098667	nan	nan	1.0015597286086608	0.013648822016934934	0.9867171763114485	0.011705100172128856	nan	nan	nan	nan	nan	nan	nan	nan	nan	nan	nan	nan	nan	nan
0.2467227771514718	nan	nan	1.014985676745535	0.0136937031677114	1.011384287058817	0.01291714878385917	nan	nan	nan	nan	nan	nan	nan	nan	nan	nan	nan	nan	nan	nan
0.24822042187707435	nan	nan	1.0517430722608012	0.014215165179845788	1.0256517082153322	0.01322358823750209	nan	nan	nan	nan	nan	nan	nan	nan	nan	nan	nan	nan	nan	nan
0.2497229282963163	nan	nan	1.0553581300058936	0.014515704803363796	0.9894175507370048	0.012710122928512034	nan	nan	nan	nan	nan	nan	nan	nan	nan	nan	nan	nan	nan	nan
0.2512303201209208	nan	nan	1.0123896781368156	0.014005581195948148	1.0135156945300103	0.013065196145752377	nan	nan	nan	nan	nan	nan	nan	nan	nan	nan	nan	nan	nan	nan
0.2527426212170595	nan	nan	0.9988249725798873	0.013621012005862748	1.0149185802507767	0.013038589942890961	nan	nan	nan	nan	nan	nan	nan	nan	nan	nan	nan	nan	nan	nan
0.25425985560661246	nan	nan	1.0158760985640647	0.013926670643014016	1.0128834077362199	0.01317946024831128	nan	nan	nan	nan	nan	nan	nan	nan	nan	nan	nan	nan	nan	nan
0.2557820474684398	nan	nan	0.9990027093668097	0.013909101115342612	1.0336946028166094	0.013397383410072787	nan	nan	nan	nan	nan	nan	nan	nan	nan	nan	nan	nan	nan	nan
0.257309221139666	nan	nan	1.0117867569381838	0.014001454051165346	1.0070132492807549	0.013080983640810557	nan	nan	nan	nan	nan	nan	nan	nan	nan	nan	nan	nan	nan	nan
0.2588414011169772	nan	nan	1.0467305418199049	0.014580785145346364	1.0087023806498645	0.013349020302117235	nan	nan	nan	nan	nan	nan	nan	nan	nan	nan	nan	nan	nan	nan
0.26037861205793084	nan	nan	1.0206033887166686	0.038977823373462644	1.0314094774912965	0.013554008051688424	nan	nan	nan	nan	nan	nan	nan	nan	nan	nan	nan	nan	nan	nan
0.26192087878227843	nan	nan	nan	nan	1.0097504224237166	0.01312706736583324	nan	nan	nan	nan	nan	nan	nan	nan	nan	nan	nan	nan	nan	nan
0.2634682262733016	nan	nan	nan	nan	1.0315597131246916	0.013341029328701749	nan	nan	nan	nan	nan	nan	nan	nan	nan	nan	nan	nan	nan	nan
0.26502067967916065	nan	nan	nan	nan	0.9964148546974233	0.013055064051204122	nan	nan	nan	nan	nan	nan	nan	nan	nan	nan	nan	nan	nan	nan
0.2665782643142574	nan	nan	nan	nan	1.0382974673658418	0.013558372073667842	nan	nan	nan	nan	nan	nan	nan	nan	nan	nan	nan	nan	nan	nan
0.2681410056606109	nan	nan	nan	nan	0.9989708839806698	0.013000678939369228	nan	nan	nan	nan	nan	nan	nan	nan	nan	nan	nan	nan	nan	nan
0.26970892936924706	nan	nan	nan	nan	0.9926680149616708	0.012938210435712463	nan	nan	nan	nan	nan	nan	nan	nan	nan	nan	nan	nan	nan	nan
0.27128206126160237	nan	nan	nan	nan	0.9779492762812086	0.012869379581178416	nan	nan	nan	nan	nan	nan	nan	nan	nan	nan	nan	nan	nan	nan
0.272860427330941	nan	nan	nan	nan	1.0191717014069184	0.013359410927547975	nan	nan	nan	nan	nan	nan	nan	nan	nan	nan	nan	nan	nan	nan
0.27444405374378694	nan	nan	nan	nan	1.029141845107443	0.01358115468791419	nan	nan	nan	nan	nan	nan	nan	nan	nan	nan	nan	nan	nan	nan
0.27603296684136946	nan	nan	nan	nan	1.0319334098937003	0.01357175272985451	nan	nan	nan	nan	nan	nan	nan	nan	nan	nan	nan	nan	nan	nan
0.27762719314108397	nan	nan	nan	nan	1.0006069580299688	0.01311928416535097	nan	nan	nan	nan	nan	nan	nan	nan	nan	nan	nan	nan	nan	nan
0.27922675933796715	nan	nan	nan	nan	1.0204976025631554	0.01335897159546119	nan	nan	nan	nan	nan	nan	nan	nan	nan	nan	nan	nan	nan	nan
0.280831692306187	nan	nan	nan	nan	1.0476177477566688	0.014032020433694345	nan	nan	nan	nan	nan	nan	nan	nan	nan	nan	nan	nan	nan	nan
0.2824420191005478	nan	nan	nan	nan	1.0315521684136961	0.013668004029038592	nan	nan	nan	nan	nan	nan	nan	nan	nan	nan	nan	nan	nan	nan
0.28405776695801016	nan	nan	nan	nan	1.032125622681528	0.013871459589813381	nan	nan	nan	nan	nan	nan	nan	nan	nan	nan	nan	nan	nan	nan
0.28567896329922726	nan	nan	nan	nan	0.9948867322582272	0.013233359752832938	0.9814431573199786	0.012859312458464892	nan	nan	nan	nan	nan	nan	nan	nan	nan	nan	nan	nan
0.28730563573009554	nan	nan	nan	nan	1.0089886705973432	0.013552066050083168	1.0146819499984143	0.013795011923251506	nan	nan	nan	nan	nan	nan	nan	nan	nan	nan	nan	nan
0.2889378120433217	nan	nan	nan	nan	1.0647465027361172	0.014113255689182834	0.9950318280374498	0.013569944232214422	nan	nan	nan	nan	nan	nan	nan	nan	nan	nan	nan	nan
0.29057552022000566	nan	nan	nan	nan	1.0175497521203536	0.013688860149212355	1.0028727880296249	0.013676932988384781	nan	nan	nan	nan	nan	nan	nan	nan	nan	nan	nan	nan
0.2922187884312396	nan	nan	nan	nan	1.0215245265692432	0.013675580799539191	1.016421707059241	0.013864371634763643	nan	nan	nan	nan	nan	nan	nan	nan	nan	nan	nan	nan
0.293867645039723	nan	nan	nan	nan	1.006422094896728	0.013662333159956082	1.0178477261136527	0.013797721973136771	nan	nan	nan	nan	nan	nan	nan	nan	nan	nan	nan	nan
0.29552211860139493	nan	nan	nan	nan	0.9857492851211832	0.01353834807004029	1.0308693121939474	0.014231183626334312	nan	nan	nan	nan	nan	nan	nan	nan	nan	nan	nan	nan
0.29718223786708214	nan	nan	nan	nan	1.004588597764929	0.013584275035176074	1.0073885284362034	0.01388769624716191	nan	nan	nan	nan	nan	nan	nan	nan	nan	nan	nan	nan
0.2988480317841647	nan	nan	nan	nan	0.9832857693623991	0.013320852116123112	1.0295073988930032	0.014193408053102603	nan	nan	nan	nan	nan	nan	nan	nan	nan	nan	nan	nan
0.30051952949825816	nan	nan	nan	nan	1.006674376890986	0.014017843243522298	1.011938749181742	0.01384834323741047	nan	nan	nan	nan	nan	nan	nan	nan	nan	nan	nan	nan
0.3021967603549143	nan	nan	nan	nan	1.014557350276651	0.013866859139523636	1.0049751935229139	0.01386441515450953	nan	nan	nan	nan	nan	nan	nan	nan	nan	nan	nan	nan
0.3038797539013372	nan	nan	nan	nan	1.0321358865026249	0.014217385725907219	0.9741442682438218	0.013680757573211176	nan	nan	nan	nan	nan	nan	nan	nan	nan	nan	nan	nan
0.3055685398881195	nan	nan	nan	nan	1.0218773903065845	0.018956427926581386	1.0406682101638025	0.014599276344151379	nan	nan	nan	nan	nan	nan	nan	nan	nan	nan	nan	nan
0.30726314827099493	nan	nan	nan	nan	nan	nan	1.0194544992872414	0.014039744023012756	nan	nan	nan	nan	nan	nan	nan	nan	nan	nan	nan	nan
0.3089636092126092	nan	nan	nan	nan	nan	nan	1.0276243983515916	0.014222640675601117	nan	nan	nan	nan	nan	nan	nan	nan	nan	nan	nan	nan
0.31066995308431045	nan	nan	nan	nan	nan	nan	1.0198883611907232	0.014336705839704434	nan	nan	nan	nan	nan	nan	nan	nan	nan	nan	nan	nan
0.31238221046795667	nan	nan	nan	nan	nan	nan	1.015797283405525	0.01416559924564095	nan	nan	nan	nan	nan	nan	nan	nan	nan	nan	nan	nan
0.31410041215774287	nan	nan	nan	nan	nan	nan	0.9940758802633766	0.013773936741404246	nan	nan	nan	nan	nan	nan	nan	nan	nan	nan	nan	nan
0.3158245891620476	nan	nan	nan	nan	nan	nan	0.9751015025342444	0.013811707088523412	nan	nan	nan	nan	nan	nan	nan	nan	nan	nan	nan	nan
0.31755477270529764	nan	nan	nan	nan	nan	nan	0.9819288348408017	0.013801823519634089	nan	nan	nan	nan	nan	nan	nan	nan	nan	nan	nan	nan
0.31929099422985396	nan	nan	nan	nan	nan	nan	1.0197744709849212	0.014453213493143378	nan	nan	nan	nan	nan	nan	nan	nan	nan	nan	nan	nan
0.321033285397915	nan	nan	nan	nan	nan	nan	1.0050541948814327	0.014330577172649548	nan	nan	nan	nan	nan	nan	nan	nan	nan	nan	nan	nan
0.32278167809344255	nan	nan	nan	nan	nan	nan	1.0178125838663186	0.014237295911802887	nan	nan	nan	nan	nan	nan	nan	nan	nan	nan	nan	nan
0.3245362044241062	nan	nan	nan	nan	nan	nan	1.0119300148067738	0.014350430235983265	nan	nan	nan	nan	nan	nan	nan	nan	nan	nan	nan	nan
0.3262968967232487	nan	nan	nan	nan	nan	nan	0.9871552124157232	0.013843304877433136	nan	nan	nan	nan	nan	nan	nan	nan	nan	nan	nan	nan
0.3280637875518724	nan	nan	nan	nan	nan	nan	1.0120120762789024	0.01423659352806061	nan	nan	nan	nan	nan	nan	nan	nan	nan	nan	nan	nan
0.32983690970064644	nan	nan	nan	nan	nan	nan	1.018890287705031	0.014405532272378828	nan	nan	nan	nan	nan	nan	nan	nan	nan	nan	nan	nan
0.3316162961919351	nan	nan	nan	nan	nan	nan	1.0153120158586868	0.01440355604126499	nan	nan	nan	nan	nan	nan	nan	nan	nan	nan	nan	nan
0.33340198028184803	nan	nan	nan	nan	nan	nan	1.0043075841268838	0.01449281715502145	nan	nan	nan	nan	nan	nan	nan	nan	nan	nan	nan	nan
0.33519399546231204	nan	nan	nan	nan	nan	nan	0.9914701514558956	0.014305177627331148	nan	nan	nan	nan	nan	nan	nan	nan	nan	nan	nan	nan
0.3369923754631648	nan	nan	nan	nan	nan	nan	0.9951073322701296	0.014248756243105246	1.0455298732458154	0.009558442418551054	nan	nan	nan	nan	nan	nan	nan	nan	nan	nan
0.3387971542542715	nan	nan	nan	nan	nan	nan	0.9704892191688219	0.014087160656394026	1.000786586577126	0.010688566714037154	nan	nan	nan	nan	nan	nan	nan	nan	nan	nan
0.3406083660476632	nan	nan	nan	nan	nan	nan	1.0027970408850588	0.014301838344535415	0.9889105447948497	0.010489747385897774	nan	nan	nan	nan	nan	nan	nan	nan	nan	nan
0.34242604529969956	nan	nan	nan	nan	nan	nan	1.0086496365332118	0.014744422593073245	0.9919346968051591	0.010535536882265977	nan	nan	nan	nan	nan	nan	nan	nan	nan	nan
0.3442502267132527	nan	nan	nan	nan	nan	nan	1.0244192081881398	0.014819362733182923	0.9965178151649222	0.010758754069130664	nan	nan	nan	nan	nan	nan	nan	nan	nan	nan
0.34608094523991667	nan	nan	nan	nan	nan	nan	1.0126305747117996	0.014846131909951791	1.0048109882550629	0.010676968931550403	nan	nan	nan	nan	nan	nan	nan	nan	nan	nan
0.347918236082239	nan	nan	nan	nan	nan	nan	0.9356361101315597	0.014101405114000076	1.0159705843701967	0.010918883978266326	nan	nan	nan	nan	nan	nan	nan	nan	nan	nan
0.3497621346959778	nan	nan	nan	nan	nan	nan	0.9985387625045424	0.014587934410449034	0.993434002936862	0.010780740634369484	nan	nan	nan	nan	nan	nan	nan	nan	nan	nan
0.35161267679238184	nan	nan	nan	nan	nan	nan	1.008528587280794	0.015061034931328297	0.9945365424246256	0.010833145257147021	nan	nan	nan	nan	nan	nan	nan	nan	nan	nan
0.35346989834049636	nan	nan	nan	nan	nan	nan	1.0052372558557823	0.014830577913295992	1.008531203278711	0.010943045722132798	nan	nan	nan	nan	nan	nan	nan	nan	nan	nan
0.3553338355694936	nan	nan	nan	nan	nan	nan	0.9909409518992037	0.0149492434206547	1.0194826812772446	0.010943960689209933	nan	nan	nan	nan	nan	nan	nan	nan	nan	nan
0.3572045249710284	nan	nan	nan	nan	nan	nan	1.0454990312079246	0.015537472080488666	0.9747649721548036	0.010594074444190754	nan	nan	nan	nan	nan	nan	nan	nan	nan	nan
0.35908200330161977	nan	nan	nan	nan	nan	nan	0.9888211446233864	0.01480205518046988	0.964760358904991	0.01061260398366567	nan	nan	nan	nan	nan	nan	nan	nan	nan	nan
0.3609663075850582	nan	nan	nan	nan	nan	nan	0.9945259622986841	0.0185432343889764	0.9797711585082651	0.01085043985647144	nan	nan	nan	nan	nan	nan	nan	nan	nan	nan
0.3628574751148396	nan	nan	nan	nan	nan	nan	nan	nan	1.0194360844718469	0.011301050639884765	nan	nan	nan	nan	nan	nan	nan	nan	nan	nan
0.36475554345662525	nan	nan	nan	nan	nan	nan	nan	nan	1.0211433684814748	0.011068776930860029	nan	nan	nan	nan	nan	nan	nan	nan	nan	nan
0.3666605504507296	nan	nan	nan	nan	nan	nan	nan	nan	1.0146716083044276	0.011158402916382577	nan	nan	nan	nan	nan	nan	nan	nan	nan	nan
0.36857253421463476	nan	nan	nan	nan	nan	nan	nan	nan	1.0087025267308336	0.011046587763628086	nan	nan	nan	nan	nan	nan	nan	nan	nan	nan
0.37049153314553285	nan	nan	nan	nan	nan	nan	nan	nan	1.0143328861868062	0.011178791126141181	nan	nan	nan	nan	nan	nan	nan	nan	nan	nan
0.3724175859228962	nan	nan	nan	nan	nan	nan	nan	nan	0.9876137098724603	0.010889939119965358	nan	nan	nan	nan	nan	nan	nan	nan	nan	nan
0.37435073151107656	nan	nan	nan	nan	nan	nan	nan	nan	0.9935013923748323	0.010991927784798402	nan	nan	nan	nan	nan	nan	nan	nan	nan	nan
0.3762910091619324	nan	nan	nan	nan	nan	nan	nan	nan	0.9888343295701781	0.010914444138873112	nan	nan	nan	nan	nan	nan	nan	nan	nan	nan
0.3782384584174855	nan	nan	nan	nan	nan	nan	nan	nan	0.988541130771329	0.011145702567087865	nan	nan	nan	nan	nan	nan	nan	nan	nan	nan
0.3801931191126075	nan	nan	nan	nan	nan	nan	nan	nan	1.0038296591566773	0.01114565506988369	nan	nan	nan	nan	nan	nan	nan	nan	nan	nan
0.38215503137773554	nan	nan	nan	nan	nan	nan	nan	nan	0.9936022644523779	0.0113413306224893	nan	nan	nan	nan	nan	nan	nan	nan	nan	nan
0.38412423564161885	nan	nan	nan	nan	nan	nan	nan	nan	1.0058855747006945	0.011277903056761608	nan	nan	nan	nan	nan	nan	nan	nan	nan	nan
0.38610077263409603	nan	nan	nan	nan	nan	nan	nan	nan	0.9879598106714979	0.011152491843549947	nan	nan	nan	nan	nan	nan	nan	nan	nan	nan
0.3880846833889029	nan	nan	nan	nan	nan	nan	nan	nan	0.9881986949749696	0.010943227396705517	nan	nan	nan	nan	nan	nan	nan	nan	nan	nan
0.3900760092465123	nan	nan	nan	nan	nan	nan	nan	nan	0.9837881499827673	0.011148941329073254	nan	nan	nan	nan	nan	nan	nan	nan	nan	nan
0.3920747918570055	nan	nan	nan	nan	nan	nan	nan	nan	0.9838928200712237	0.011153060602541107	nan	nan	nan	nan	nan	nan	nan	nan	nan	nan
0.39408107318297597	nan	nan	nan	nan	nan	nan	nan	nan	0.9787155308449401	0.011140784955542455	nan	nan	nan	nan	nan	nan	nan	nan	nan	nan
0.3960948955024664	nan	nan	nan	nan	nan	nan	nan	nan	0.9840459939874355	0.011289017971814194	nan	nan	nan	nan	nan	nan	nan	nan	nan	nan
0.39811630141193793	nan	nan	nan	nan	nan	nan	nan	nan	0.9667904841694321	0.011156142121900898	nan	nan	nan	nan	nan	nan	nan	nan	nan	nan
0.400145333829274	nan	nan	nan	nan	nan	nan	nan	nan	0.9892404903011017	0.011364200801770828	nan	nan	nan	nan	nan	nan	nan	nan	nan	nan
0.4021820359968173	nan	nan	nan	nan	nan	nan	nan	nan	0.9998194660127594	0.011443170020209873	0.9891476980976269	0.008977809201554594	nan	nan	nan	nan	nan	nan	nan	nan
0.40422645148444214	nan	nan	nan	nan	nan	nan	nan	nan	0.9729365612015449	0.011397091380869183	0.9701809866199472	0.010464624641865294	nan	nan	nan	nan	nan	nan	nan	nan
0.40627862419266125	nan	nan	nan	nan	nan	nan	nan	nan	0.9927720904933226	0.011372637950889167	0.9828909695897452	0.010571634169650203	nan	nan	nan	nan	nan	nan	nan	nan
0.40833859835576813	nan	nan	nan	nan	nan	nan	nan	nan	0.9939124178657948	0.01162537660180519	0.9657819417878669	0.010376708995257139	nan	nan	nan	nan	nan	nan	nan	nan
0.4104064185450153	nan	nan	nan	nan	nan	nan	nan	nan	1.0140085758100577	0.011658532454462496	0.978524590509903	0.010809673412440733	nan	nan	nan	nan	nan	nan	nan	nan
0.41248212967182873	nan	nan	nan	nan	nan	nan	nan	nan	0.9872222849346928	0.011569936158123528	0.9877518975213274	0.01065455944840522	nan	nan	nan	nan	nan	nan	nan	nan
0.4145657769910597	nan	nan	nan	nan	nan	nan	nan	nan	0.986488008159395	0.011923476521194144	0.9695279317647688	0.010436320983186717	nan	nan	nan	nan	nan	nan	nan	nan
0.41665740610427343	nan	nan	nan	nan	nan	nan	nan	nan	0.9580566911865337	0.01145263178203102	0.9913857177705735	0.010900585288745785	nan	nan	nan	nan	nan	nan	nan	nan
0.4187570629630764	nan	nan	nan	nan	nan	nan	nan	nan	0.9879872705139628	0.011599017898941551	0.9785076856689067	0.010793794087379635	nan	nan	nan	nan	nan	nan	nan	nan
0.4208647938724801	nan	nan	nan	nan	nan	nan	nan	nan	0.9590179057531699	0.011483932873617155	0.9454715044608774	0.010523181759064781	nan	nan	nan	nan	nan	nan	nan	nan
0.422980645494307	nan	nan	nan	nan	nan	nan	nan	nan	0.965846485944831	0.011544860661906523	0.9745346069561708	0.010832979015821144	nan	nan	nan	nan	nan	nan	nan	nan
0.42510466485063253	nan	nan	nan	nan	nan	nan	nan	nan	0.971516011099885	0.01184629051531975	1.0037000993236271	0.011026823834731745	nan	nan	nan	nan	nan	nan	nan	nan
0.42723689932726844	nan	nan	nan	nan	nan	nan	nan	nan	0.9741208274935294	0.011803538179457831	0.96606465339698	0.01069890481412723	nan	nan	nan	nan	nan	nan	nan	nan
0.4293773966772883	nan	nan	nan	nan	nan	nan	nan	nan	0.9733233024959794	0.011669909847576479	0.9675152065369838	0.010832587292147517	nan	nan	nan	nan	nan	nan	nan	nan
0.43152620502459005	nan	nan	nan	nan	nan	nan	nan	nan	0.981378632142992	0.012045495460134588	0.9590798583974952	0.010843686871638577	nan	nan	nan	nan	nan	nan	nan	nan
0.43368337286750464	nan	nan	nan	nan	nan	nan	nan	nan	0.9732893983508072	0.048936030651648484	1.0105866037583737	0.011421718832890561	nan	nan	nan	nan	nan	nan	nan	nan
0.4358489490824442	nan	nan	nan	nan	nan	nan	nan	nan	nan	nan	0.9848492387418749	0.011022066813535649	nan	nan	nan	nan	nan	nan	nan	nan
0.4380229829275921	nan	nan	nan	nan	nan	nan	nan	nan	nan	nan	0.996953255009486	0.011116692946997445	nan	nan	nan	nan	nan	nan	nan	nan
0.4402055240466404	nan	nan	nan	nan	nan	nan	nan	nan	nan	nan	0.9684321748762793	0.011017194876417294	nan	nan	nan	nan	nan	nan	nan	nan
0.44239662247256567	nan	nan	nan	nan	nan	nan	nan	nan	nan	nan	0.9860872891338297	0.011229668097010748	nan	nan	nan	nan	nan	nan	nan	nan
0.4445963286314546	nan	nan	nan	nan	nan	nan	nan	nan	nan	nan	0.9968235378547311	0.011254200209803306	nan	nan	nan	nan	nan	nan	nan	nan
0.4468046933463718	nan	nan	nan	nan	nan	nan	nan	nan	nan	nan	0.975760659333988	0.011005458756204966	nan	nan	nan	nan	nan	nan	nan	nan
0.44902176784127257	nan	nan	nan	nan	nan	nan	nan	nan	nan	nan	0.9485728716468662	0.01089408251581253	nan	nan	nan	nan	nan	nan	nan	nan
0.45124760374496603	nan	nan	nan	nan	nan	nan	nan	nan	nan	nan	0.9940652418820765	0.011281545274993263	nan	nan	nan	nan	nan	nan	nan	nan
0.45348225309511997	nan	nan	nan	nan	nan	nan	nan	nan	nan	nan	0.9760377375642763	0.011184887827120052	nan	nan	nan	nan	nan	nan	nan	nan
0.4557257683423189	nan	nan	nan	nan	nan	nan	nan	nan	nan	nan	0.9500168004996171	0.011143013546188832	nan	nan	nan	nan	nan	nan	nan	nan
0.4579782023541661	nan	nan	nan	nan	nan	nan	nan	nan	nan	nan	0.9754382871698244	0.01131798924626594	nan	nan	nan	nan	nan	nan	nan	nan
0.46023960841943584	nan	nan	nan	nan	nan	nan	nan	nan	nan	nan	0.9644297067222906	0.011389764510772648	nan	nan	nan	nan	nan	nan	nan	nan
0.4625100402522784	nan	nan	nan	nan	nan	nan	nan	nan	nan	nan	0.9964049036106367	0.011555006661486159	nan	nan	nan	nan	nan	nan	nan	nan
0.46478955199646976	nan	nan	nan	nan	nan	nan	nan	nan	nan	nan	0.9644023960647475	0.011354401631536075	nan	nan	nan	nan	nan	nan	nan	nan
0.46707819822971813	nan	nan	nan	nan	nan	nan	nan	nan	nan	nan	0.9664270857538267	0.011039531200496002	nan	nan	nan	nan	nan	nan	nan	nan
0.4693760339680191	nan	nan	nan	nan	nan	nan	nan	nan	nan	nan	0.9515591239822775	0.011162701159360874	nan	nan	nan	nan	nan	nan	nan	nan
0.4716831146700626	nan	nan	nan	nan	nan	nan	nan	nan	nan	nan	0.9580803929041717	0.011317751975365536	nan	nan	nan	nan	nan	nan	nan	nan
0.4739994962416974	nan	nan	nan	nan	nan	nan	nan	nan	nan	nan	0.971020814028552	0.011630551499116149	nan	nan	nan	nan	nan	nan	nan	nan
0.4763252350404442	nan	nan	nan	nan	nan	nan	nan	nan	nan	nan	0.96335715110756	0.01155126182645061	nan	nan	nan	nan	nan	nan	nan	nan
0.47866038788006826	nan	nan	nan	nan	nan	nan	nan	nan	nan	nan	0.9543955986409886	0.011389312989739456	nan	nan	nan	nan	nan	nan	nan	nan
0.48100501203520524	nan	nan	nan	nan	nan	nan	nan	nan	nan	nan	0.9774861123806251	0.011923385743259731	nan	nan	nan	nan	nan	nan	nan	nan
0.48335916524604255	nan	nan	nan	nan	nan	nan	nan	nan	nan	nan	0.9490973507411478	0.011552628487884924	nan	nan	nan	nan	nan	nan	nan	nan
0.48572290572306154	nan	nan	nan	nan	nan	nan	nan	nan	nan	nan	0.9597293596541064	0.011677943971907436	0.9789972630222067	0.007406620471752093	nan	nan	nan	nan	nan	nan
0.4880962921518329	nan	nan	nan	nan	nan	nan	nan	nan	nan	nan	0.9393350838522868	0.01161456834814093	0.9553448783014798	0.008367474824562909	nan	nan	nan	nan	nan	nan
0.490479383697876	nan	nan	nan	nan	nan	nan	nan	nan	nan	nan	0.9591064781425688	0.011678401955012381	0.9538477888734888	0.008390339450718804	nan	nan	nan	nan	nan	nan
0.49287224001157376	nan	nan	nan	nan	nan	nan	nan	nan	nan	nan	0.9796814814927615	0.012018238939602245	0.9501929168842267	0.008342723421206115	nan	nan	nan	nan	nan	nan
0.49527492123314903	nan	nan	nan	nan	nan	nan	nan	nan	nan	nan	0.9702389317351554	0.012010987917909213	0.9389720698051648	0.008437587662182637	nan	nan	nan	nan	nan	nan
0.497687487997706	nan	nan	nan	nan	nan	nan	nan	nan	nan	nan	0.962137076446533	0.012004170990491487	0.954786580865841	0.008434189724201078	nan	nan	nan	nan	nan	nan
0.5001100014403271	nan	nan	nan	nan	nan	nan	nan	nan	nan	nan	0.9895050848241821	0.012452056676549935	0.9521030303674217	0.008286472719281063	nan	nan	nan	nan	nan	nan
0.5025425232012406	nan	nan	nan	nan	nan	nan	nan	nan	nan	nan	0.9451401014997743	0.012198048151279358	0.9687427983587665	0.008796083855037334	nan	nan	nan	nan	nan	nan
0.5049851154310464	nan	nan	nan	nan	nan	nan	nan	nan	nan	nan	0.9639298492058064	0.012326379698268573	0.971631112030535	0.008729858992568937	nan	nan	nan	nan	nan	nan
0.5074378407960098	nan	nan	nan	nan	nan	nan	nan	nan	nan	nan	0.932168243950545	0.011886992614381713	0.9414555278185693	0.00847518394536326	nan	nan	nan	nan	nan	nan
0.5099007624834219	nan	nan	nan	nan	nan	nan	nan	nan	nan	nan	0.9451591692482384	0.012133814901638644	0.9631919347407428	0.00876868827394351	nan	nan	nan	nan	nan	nan
0.5123739442070238	nan	nan	nan	nan	nan	nan	nan	nan	nan	nan	0.9507398185899917	0.01224928799382932	0.9581324216152992	0.00865977742104692	nan	nan	nan	nan	nan	nan
0.5148574502125024	nan	nan	nan	nan	nan	nan	nan	nan	nan	nan	0.9435531051204854	0.01237482133090898	0.9765346481142037	0.008832168568673991	nan	nan	nan	nan	nan	nan
0.5173513452830536	nan	nan	nan	nan	nan	nan	nan	nan	nan	nan	0.9301162166299846	0.012253062868167235	0.9737340843395864	0.008848259105951075	nan	nan	nan	nan	nan	nan
0.519855694745013	nan	nan	nan	nan	nan	nan	nan	nan	nan	nan	0.9552131338274757	0.012283617703954664	0.9533026156455793	0.008756741808175381	nan	nan	nan	nan	nan	nan
0.5223705644735638	nan	nan	nan	nan	nan	nan	nan	nan	nan	nan	0.9463249171995044	0.012547369102012783	0.9326791982343196	0.008686585700109427	nan	nan	nan	nan	nan	nan
0.5248960208985087	nan	nan	nan	nan	nan	nan	nan	nan	nan	nan	0.9760322982476001	0.014405863713579914	0.9739540547292292	0.009178155211944811	nan	nan	nan	nan	nan	nan
0.5274321310101232	nan	nan	nan	nan	nan	nan	nan	nan	nan	nan	nan	nan	0.9429934337445524	0.00885886587114179	nan	nan	nan	nan	nan	nan
0.5299789623650758	nan	nan	nan	nan	nan	nan	nan	nan	nan	nan	nan	nan	0.9661761625861636	0.0088383813704652	nan	nan	nan	nan	nan	nan
0.5325365830924277	nan	nan	nan	nan	nan	nan	nan	nan	nan	nan	nan	nan	0.9606972207791896	0.008901610502855118	nan	nan	nan	nan	nan	nan
0.5351050618997094	nan	nan	nan	nan	nan	nan	nan	nan	nan	nan	nan	nan	0.9604836642233799	0.009044806053808745	nan	nan	nan	nan	nan	nan
0.5376844680790702	nan	nan	nan	nan	nan	nan	nan	nan	nan	nan	nan	nan	0.9608425013589598	0.009132886061045344	nan	nan	nan	nan	nan	nan
0.5402748715135127	nan	nan	nan	nan	nan	nan	nan	nan	nan	nan	nan	nan	0.9649412882005518	0.009199354717325064	nan	nan	nan	nan	nan	nan
0.5428763426832017	nan	nan	nan	nan	nan	nan	nan	nan	nan	nan	nan	nan	0.9391604088566918	0.008934502049983872	nan	nan	nan	nan	nan	nan
0.5454889526718572	nan	nan	nan	nan	nan	nan	nan	nan	nan	nan	nan	nan	0.9301391951148638	0.008985216756810471	nan	nan	nan	nan	nan	nan
0.5481127731732299	nan	nan	nan	nan	nan	nan	nan	nan	nan	nan	nan	nan	0.9493481478187884	0.009250241883435484	nan	nan	nan	nan	nan	nan
0.5507478764976571	nan	nan	nan	nan	nan	nan	nan	nan	nan	nan	nan	nan	0.9504361586360551	0.009114766971134364	nan	nan	nan	nan	nan	nan
0.5533943355787075	nan	nan	nan	nan	nan	nan	nan	nan	nan	nan	nan	nan	0.9252133652474418	0.009143376229857898	nan	nan	nan	nan	nan	nan
0.5560522239799095	nan	nan	nan	nan	nan	nan	nan	nan	nan	nan	nan	nan	0.9573891610138179	0.009248201911797862	nan	nan	nan	nan	nan	nan
0.5587216159015667	nan	nan	nan	nan	nan	nan	nan	nan	nan	nan	nan	nan	0.9343140377697519	0.009363871881257896	nan	nan	nan	nan	nan	nan
0.5614025861876641	nan	nan	nan	nan	nan	nan	nan	nan	nan	nan	nan	nan	0.9374150000942841	0.009230419132850168	nan	nan	nan	nan	nan	nan
0.5640952103328618	nan	nan	nan	nan	nan	nan	nan	nan	nan	nan	nan	nan	0.9846199462721343	0.009650183900898448	nan	nan	nan	nan	nan	nan
0.5667995644895831	nan	nan	nan	nan	nan	nan	nan	nan	nan	nan	nan	nan	0.9281901308079848	0.009282036080744474	nan	nan	nan	nan	nan	nan
0.569515725475192	nan	nan	nan	nan	nan	nan	nan	nan	nan	nan	nan	nan	0.9525022758457206	0.00928452018426647	nan	nan	nan	nan	nan	nan
0.5722437707792678	nan	nan	nan	nan	nan	nan	nan	nan	nan	nan	nan	nan	0.9357543049752715	0.009358744447783224	nan	nan	nan	nan	nan	nan
0.5749837785709742	nan	nan	nan	nan	nan	nan	nan	nan	nan	nan	nan	nan	0.9328853010492107	0.009360197777600256	nan	nan	nan	nan	nan	nan
0.5777358277065241	nan	nan	nan	nan	nan	nan	nan	nan	nan	nan	nan	nan	0.9609507775864526	0.00976498541986002	nan	nan	nan	nan	nan	nan
0.5804999977367473	nan	nan	nan	nan	nan	nan	nan	nan	nan	nan	nan	nan	0.9586492081779209	0.009891820843556364	nan	nan	nan	nan	nan	nan
0.5832763689147537	nan	nan	nan	nan	nan	nan	nan	nan	nan	nan	nan	nan	0.9280200095711552	0.00961920737389678	nan	nan	nan	nan	nan	nan
0.5860650222036999	nan	nan	nan	nan	nan	nan	nan	nan	nan	nan	nan	nan	0.9265466701827224	0.00979730409049487	nan	nan	nan	nan	nan	nan
0.5888660392846613	nan	nan	nan	nan	nan	nan	nan	nan	nan	nan	nan	nan	0.9507486922628406	0.009881898659040832	nan	nan	nan	nan	nan	nan
0.5916795025646047	nan	nan	nan	nan	nan	nan	nan	nan	nan	nan	nan	nan	0.9210443087421826	0.009663518034279481	nan	nan	nan	nan	nan	nan
0.594505495184472	nan	nan	nan	nan	nan	nan	nan	nan	nan	nan	nan	nan	0.9636071961960555	0.01018003454708719	1.0113275857379151	0.006076344920230249	nan	nan	nan	nan
0.5973441010273697	nan	nan	nan	nan	nan	nan	nan	nan	nan	nan	nan	nan	0.9151489796709925	0.009945163521786638	0.8904926482439134	0.010070636449115464	nan	nan	nan	nan
0.6001954047268666	nan	nan	nan	nan	nan	nan	nan	nan	nan	nan	nan	nan	0.9628169208821863	0.01015499821122751	0.9251417829560348	0.010294403044023053	nan	nan	nan	nan
0.6030594916754093	nan	nan	nan	nan	nan	nan	nan	nan	nan	nan	nan	nan	0.9441538338884915	0.010097979562171198	0.9352002836977036	0.010483051852014636	nan	nan	nan	nan
0.6059364480328419	nan	nan	nan	nan	nan	nan	nan	nan	nan	nan	nan	nan	0.9496155107814422	0.010272673351977126	0.9259589655628968	0.010405387757191657	nan	nan	nan	nan
0.6088263607350503	nan	nan	nan	nan	nan	nan	nan	nan	nan	nan	nan	nan	0.9507446764415679	0.010261836162852776	0.9259158939739783	0.010563759460649327	nan	nan	nan	nan
0.6117293175027165	nan	nan	nan	nan	nan	nan	nan	nan	nan	nan	nan	nan	0.9486230373834231	0.010644772695768412	0.9296755756718311	0.010590770747893228	nan	nan	nan	nan
0.6146454068501958	nan	nan	nan	nan	nan	nan	nan	nan	nan	nan	nan	nan	0.9743101405234129	0.01081095498712886	0.9241126872201658	0.010544130427972007	nan	nan	nan	nan
0.6175747180945126	nan	nan	nan	nan	nan	nan	nan	nan	nan	nan	nan	nan	0.9174356799189095	0.01041578951157949	0.9226550464167018	0.010670553079776879	nan	nan	nan	nan
0.6205173413644792	nan	nan	nan	nan	nan	nan	nan	nan	nan	nan	nan	nan	0.9469255056035074	0.010814494914543216	0.9549556786939161	0.011118555162551272	nan	nan	nan	nan
0.6234733676099412	nan	nan	nan	nan	nan	nan	nan	nan	nan	nan	nan	nan	0.9224669809783714	0.010354736548517707	0.9235845972179031	0.010844962560847616	nan	nan	nan	nan
0.6264428886111462	nan	nan	nan	nan	nan	nan	nan	nan	nan	nan	nan	nan	0.9333937250260328	0.01093113685806282	0.9042283265201121	0.010775652164905714	nan	nan	nan	nan
0.6294259969882428	nan	nan	nan	nan	nan	nan	nan	nan	nan	nan	nan	nan	0.9564227733686178	0.010849451006042458	0.9224404543418907	0.011011066199915572	nan	nan	nan	nan
0.6324227862109124	nan	nan	nan	nan	nan	nan	nan	nan	nan	nan	nan	nan	0.9243836100428697	0.010870055977246855	0.9416060707960837	0.011345188318790514	nan	nan	nan	nan
0.6354333506081286	nan	nan	nan	nan	nan	nan	nan	nan	nan	nan	nan	nan	0.9321263857825675	0.010894613197048509	0.9317996319913684	0.011156187113188564	nan	nan	nan	nan
0.6384577853780571	nan	nan	nan	nan	nan	nan	nan	nan	nan	nan	nan	nan	0.9245780364745108	0.01090444017010355	0.9395280566228101	0.011338848679425338	nan	nan	nan	nan
0.6414961865980893	nan	nan	nan	nan	nan	nan	nan	nan	nan	nan	nan	nan	0.9306006774695579	0.010882161448161197	0.9335840529575287	0.011227062747355486	nan	nan	nan	nan
0.6445486512350157	nan	nan	nan	nan	nan	nan	nan	nan	nan	nan	nan	nan	0.9119387308180477	0.011118525804702926	0.9061168261583377	0.01129575540486217	nan	nan	nan	nan
0.6476152771553428	nan	nan	nan	nan	nan	nan	nan	nan	nan	nan	nan	nan	0.9312343731148452	0.012210409333245012	0.9308207541172341	0.011711428355805435	nan	nan	nan	nan
0.6506961631357502	nan	nan	nan	nan	nan	nan	nan	nan	nan	nan	nan	nan	nan	nan	0.9513028032926449	0.011982845853300226	nan	nan	nan	nan
0.6537914088736986	nan	nan	nan	nan	nan	nan	nan	nan	nan	nan	nan	nan	nan	nan	0.9129525100616781	0.011657217305442702	nan	nan	nan	nan
0.6569011149981825	nan	nan	nan	nan	nan	nan	nan	nan	nan	nan	nan	nan	nan	nan	0.9483212032164152	0.01168165340302047	nan	nan	nan	nan
0.6600253830806362	nan	nan	nan	nan	nan	nan	nan	nan	nan	nan	nan	nan	nan	nan	0.9281218915722053	0.011775514214814368	nan	nan	nan	nan
0.6631643156459932	nan	nan	nan	nan	nan	nan	nan	nan	nan	nan	nan	nan	nan	nan	0.9365518862190113	0.012242355032611297	nan	nan	nan	nan
0.6663180161838991	nan	nan	nan	nan	nan	nan	nan	nan	nan	nan	nan	nan	nan	nan	0.9335650531906522	0.012134637795764557	nan	nan	nan	nan
0.6694865891600882	nan	nan	nan	nan	nan	nan	nan	nan	nan	nan	nan	nan	nan	nan	0.9339007241595131	0.012209010220529977	nan	nan	nan	nan
0.6726701400279161	nan	nan	nan	nan	nan	nan	nan	nan	nan	nan	nan	nan	nan	nan	0.9381323735178353	0.012445062995267028	nan	nan	nan	nan
0.6758687752400595	nan	nan	nan	nan	nan	nan	nan	nan	nan	nan	nan	nan	nan	nan	0.9247390369501836	0.01209933823375067	nan	nan	nan	nan
0.6790826022603825	nan	nan	nan	nan	nan	nan	nan	nan	nan	nan	nan	nan	nan	nan	0.8985470913199288	0.012215832198384586	nan	nan	nan	nan
0.6823117295759699	nan	nan	nan	nan	nan	nan	nan	nan	nan	nan	nan	nan	nan	nan	0.9252217800211652	0.012601670347126313	nan	nan	nan	nan
0.6855562667093362	nan	nan	nan	nan	nan	nan	nan	nan	nan	nan	nan	nan	nan	nan	0.9127223247218211	0.012486331576177958	nan	nan	nan	nan
0.6888163242308077	nan	nan	nan	nan	nan	nan	nan	nan	nan	nan	nan	nan	nan	nan	0.8970662263953639	0.012666531079229342	nan	nan	nan	nan
0.6920920137710824	nan	nan	nan	nan	nan	nan	nan	nan	nan	nan	nan	nan	nan	nan	0.915066901018497	0.012795076576389201	nan	nan	nan	nan
0.6953834480339738	nan	nan	nan	nan	nan	nan	nan	nan	nan	nan	nan	nan	nan	nan	0.9143718899197691	0.012980745096706225	nan	nan	nan	nan
0.6986907408093335	nan	nan	nan	nan	nan	nan	nan	nan	nan	nan	nan	nan	nan	nan	0.9144256187405796	0.013283669881649165	nan	nan	nan	nan
0.702014006986168	nan	nan	nan	nan	nan	nan	nan	nan	nan	nan	nan	nan	nan	nan	0.9429359058525683	0.013271508930717145	nan	nan	nan	nan
0.7053533625659406	nan	nan	nan	nan	nan	nan	nan	nan	nan	nan	nan	nan	nan	nan	0.9533998938901274	0.013837264370419001	nan	nan	nan	nan
0.7087089246760686	nan	nan	nan	nan	nan	nan	nan	nan	nan	nan	nan	nan	nan	nan	0.9237612127844798	0.013261711123350875	nan	nan	nan	nan
0.7120808115836194	nan	nan	nan	nan	nan	nan	nan	nan	nan	nan	nan	nan	nan	nan	0.940564715404666	0.013462975752774352	nan	nan	nan	nan
0.7154691427092019	nan	nan	nan	nan	nan	nan	nan	nan	nan	nan	nan	nan	nan	nan	0.8989559493576283	0.013459413267198704	0.9050489430588513	0.007962489542857885	nan	nan
0.7188740386410698	nan	nan	nan	nan	nan	nan	nan	nan	nan	nan	nan	nan	nan	nan	0.8996391711216515	0.013456509960311724	0.9092684083302386	0.008005971029401298	nan	nan
0.722295621149423	nan	nan	nan	nan	nan	nan	nan	nan	nan	nan	nan	nan	nan	nan	0.9001741576826524	0.013746364534635857	0.9056198575300854	0.008126364619055401	nan	nan
0.7257340132009268	nan	nan	nan	nan	nan	nan	nan	nan	nan	nan	nan	nan	nan	nan	0.950628968668006	0.014819646808087367	0.925553105390203	0.008273606802715024	nan	nan
0.7291893389734432	nan	nan	nan	nan	nan	nan	nan	nan	nan	nan	nan	nan	nan	nan	0.9437278417304262	0.014485340636072494	0.9043920827201298	0.008082305199280774	nan	nan
0.7326617238709777	nan	nan	nan	nan	nan	nan	nan	nan	nan	nan	nan	nan	nan	nan	0.9289221786581421	0.014636270297263616	0.9081517480175392	0.008443166892518082	nan	nan
0.7361512945388542	nan	nan	nan	nan	nan	nan	nan	nan	nan	nan	nan	nan	nan	nan	0.8985333253842871	0.014495103030168535	0.9198477468247194	0.008391302722886958	nan	nan
0.7396581788791092	nan	nan	nan	nan	nan	nan	nan	nan	nan	nan	nan	nan	nan	nan	0.902042306455261	0.014655809611534242	0.9106300967081085	0.008232890199690741	nan	nan
0.7431825060661196	nan	nan	nan	nan	nan	nan	nan	nan	nan	nan	nan	nan	nan	nan	0.9232077070856181	0.014930470254771953	0.9399481049283165	0.00880047754251937	nan	nan
0.7467244065624649	nan	nan	nan	nan	nan	nan	nan	nan	nan	nan	nan	nan	nan	nan	0.9423032994204136	0.01556387871008118	0.9292109816844673	0.00880162517063827	nan	nan
0.7502840121350225	nan	nan	nan	nan	nan	nan	nan	nan	nan	nan	nan	nan	nan	nan	0.9276257984876386	0.015774804201439223	0.9287225163030958	0.008897718925401456	nan	nan
0.7538614558713114	nan	nan	nan	nan	nan	nan	nan	nan	nan	nan	nan	nan	nan	nan	0.9882811034265239	0.016225621789768493	0.9138322189269675	0.008683264621483144	nan	nan
0.7574568721960772	nan	nan	nan	nan	nan	nan	nan	nan	nan	nan	nan	nan	nan	nan	0.9312011326943971	0.015567469511371985	0.9326877080762838	0.009021406950802318	nan	nan
0.7610703968881293	nan	nan	nan	nan	nan	nan	nan	nan	nan	nan	nan	nan	nan	nan	0.9411396526064731	0.01636933896375044	0.9406965482213208	0.009152738565257456	nan	nan
0.7647021670974353	nan	nan	nan	nan	nan	nan	nan	nan	nan	nan	nan	nan	nan	nan	0.9478752885924027	0.016387862332571133	0.9522776209655638	0.009183057348421857	nan	nan
0.7683523213624701	nan	nan	nan	nan	nan	nan	nan	nan	nan	nan	nan	nan	nan	nan	0.9291780655998217	0.016578444847771205	0.9629945663575671	0.009476726072154013	nan	nan
0.772020999627835	nan	nan	nan	nan	nan	nan	nan	nan	nan	nan	nan	nan	nan	nan	0.958066486267006	0.017066782272393537	0.952763112590619	0.009429455891881261	nan	nan
0.7757083432621412	nan	nan	nan	nan	nan	nan	nan	nan	nan	nan	nan	nan	nan	nan	0.9695003789366433	0.01786486059172515	0.9498033444294237	0.009458505908449402	nan	nan
0.779414495076168	nan	nan	nan	nan	nan	nan	nan	nan	nan	nan	nan	nan	nan	nan	0.9420381853478186	0.017708437927835306	0.922554042584112	0.009474380309816665	nan	nan
0.7831395993413027	nan	nan	nan	nan	nan	nan	nan	nan	nan	nan	nan	nan	nan	nan	0.9583862478372372	0.017987088238639946	0.946472118708352	0.009663113683193133	nan	nan
0.7868838018082577	nan	nan	nan	nan	nan	nan	nan	nan	nan	nan	nan	nan	nan	nan	0.9461080973513183	0.017701356479856236	0.9999917450777138	0.010631314730569668	nan	nan
0.7906472497260839	nan	nan	nan	nan	nan	nan	nan	nan	nan	nan	nan	nan	nan	nan	0.9436491267904837	0.018578043395289248	0.9516383336985402	0.009882090130913302	nan	nan
0.7944300918614716	nan	nan	nan	nan	nan	nan	nan	nan	nan	nan	nan	nan	nan	nan	0.965912062603672	0.018793619857482763	0.9981063893772064	0.010352551524031169	nan	nan
0.7982324785183541	nan	nan	nan	nan	nan	nan	nan	nan	nan	nan	nan	nan	nan	nan	0.9967157268014039	0.019737820429609792	0.9798240675268547	0.010299672297672239	nan	nan
0.8020545615578163	nan	nan	nan	nan	nan	nan	nan	nan	nan	nan	nan	nan	nan	nan	0.9723646766431462	0.019774950885316233	0.9765912781540522	0.010589958597684163	nan	nan
0.8058964944183088	nan	nan	nan	nan	nan	nan	nan	nan	nan	nan	nan	nan	nan	nan	0.9523260084243871	0.019502366663613144	0.9691164043822004	0.01050994856730474	nan	nan
0.8097584321361848	nan	nan	nan	nan	nan	nan	nan	nan	nan	nan	nan	nan	nan	nan	0.9905384120848733	0.0202736604959003	1.0150453961378856	0.011003213341033002	nan	nan
0.8136405313665531	nan	nan	nan	nan	nan	nan	nan	nan	nan	nan	nan	nan	nan	nan	0.973484126164483	0.02029585929650207	0.9974694081566532	0.011193183212413886	nan	nan
0.8175429504044605	nan	nan	nan	nan	nan	nan	nan	nan	nan	nan	nan	nan	nan	nan	0.9987155935462478	0.021260472129611466	0.9950030064465811	0.011078889932644371	nan	nan
0.8214658492064085	nan	nan	nan	nan	nan	nan	nan	nan	nan	nan	nan	nan	nan	nan	0.9932384187916788	0.02182316786210474	0.9947868863560548	0.011134573698270556	nan	nan
0.8254093894122074	nan	nan	nan	nan	nan	nan	nan	nan	nan	nan	nan	nan	nan	nan	nan	nan	0.9677276164726315	0.011027480931449134	nan	nan
0.8293737343671802	nan	nan	nan	nan	nan	nan	nan	nan	nan	nan	nan	nan	nan	nan	nan	nan	1.0030570202900428	0.01153707791628685	nan	nan
0.8333590491447128	nan	nan	nan	nan	nan	nan	nan	nan	nan	nan	nan	nan	nan	nan	nan	nan	0.9938999164343129	0.011589472209877211	nan	nan
0.8373655005691693	nan	nan	nan	nan	nan	nan	nan	nan	nan	nan	nan	nan	nan	nan	nan	nan	1.0033425009084445	0.01189697801832462	nan	nan
0.8413932572391697	nan	nan	nan	nan	nan	nan	nan	nan	nan	nan	nan	nan	nan	nan	nan	nan	1.0127803948342229	0.012111472066750957	nan	nan
0.8454424895512384	nan	nan	nan	nan	nan	nan	nan	nan	nan	nan	nan	nan	nan	nan	nan	nan	1.0142750852201479	0.012376995724296996	nan	nan
0.8495133697238368	nan	nan	nan	nan	nan	nan	nan	nan	nan	nan	nan	nan	nan	nan	nan	nan	1.0360513624912164	0.013081302017409814	nan	nan
0.8536060718217777	nan	nan	nan	nan	nan	nan	nan	nan	nan	nan	nan	nan	nan	nan	nan	nan	1.0261945818031601	0.012483225845509436	nan	nan
0.8577207717810349	nan	nan	nan	nan	nan	nan	nan	nan	nan	nan	nan	nan	nan	nan	nan	nan	1.0336037230257533	0.012711750139955662	nan	nan
0.8618576474339561	nan	nan	nan	nan	nan	nan	nan	nan	nan	nan	nan	nan	nan	nan	nan	nan	1.0293036792018566	0.013115969350869545	nan	nan
0.8660168785348795	nan	nan	nan	nan	nan	nan	nan	nan	nan	nan	nan	nan	nan	nan	nan	nan	1.0446474079846404	0.013187099682448963	nan	nan
0.870198646786174	nan	nan	nan	nan	nan	nan	nan	nan	nan	nan	nan	nan	nan	nan	nan	nan	1.079915123066108	0.013596897858926064	nan	nan
0.8744031358646964	nan	nan	nan	nan	nan	nan	nan	nan	nan	nan	nan	nan	nan	nan	nan	nan	1.0904201461771315	0.01436759226211678	nan	nan
0.8786305314486855	nan	nan	nan	nan	nan	nan	nan	nan	nan	nan	nan	nan	nan	nan	nan	nan	1.0871305350363076	0.014366258508660782	nan	nan
0.8828810212450984	nan	nan	nan	nan	nan	nan	nan	nan	nan	nan	nan	nan	nan	nan	nan	nan	1.0798937651026077	0.014518403284049889	nan	nan
0.8871547950173878	nan	nan	nan	nan	nan	nan	nan	nan	nan	nan	nan	nan	nan	nan	nan	nan	1.1502927605205797	0.01594466897087913	nan	nan
0.8914520446137496	nan	nan	nan	nan	nan	nan	nan	nan	nan	nan	nan	nan	nan	nan	nan	nan	1.1258027719365586	0.015503618689186179	nan	nan
0.8957729639958251	nan	nan	nan	nan	nan	nan	nan	nan	nan	nan	nan	nan	nan	nan	nan	nan	1.1427489656074241	0.01634899546845347	nan	nan
0.9001177492678871	nan	nan	nan	nan	nan	nan	nan	nan	nan	nan	nan	nan	nan	nan	nan	nan	1.1582322405384238	0.016877738889758465	nan	nan
0.9044865987065075	nan	nan	nan	nan	nan	nan	nan	nan	nan	nan	nan	nan	nan	nan	nan	nan	1.1979132940091162	0.017341734069788176	nan	nan
0.9088797127907182	nan	nan	nan	nan	nan	nan	nan	nan	nan	nan	nan	nan	nan	nan	nan	nan	1.1668811034195739	0.017306962586113948	nan	nan
0.9132972942326805	nan	nan	nan	nan	nan	nan	nan	nan	nan	nan	nan	nan	nan	nan	nan	nan	1.2581545643098406	0.018773940880360225	nan	nan
0.9177395480088621	nan	nan	nan	nan	nan	nan	nan	nan	nan	nan	nan	nan	nan	nan	nan	nan	1.2122174645895512	0.018514761690415375	nan	nan
0.9222066813917427	nan	nan	nan	nan	nan	nan	nan	nan	nan	nan	nan	nan	nan	nan	nan	nan	1.2460979855453704	0.019583421055236336	1.2429474223122072	0.018934200072889915
0.9266989039820537	nan	nan	nan	nan	nan	nan	nan	nan	nan	nan	nan	nan	nan	nan	nan	nan	1.3149846201926776	0.020393077223337656	1.278453047096627	0.021415175615452805
0.9312164277415578	nan	nan	nan	nan	nan	nan	nan	nan	nan	nan	nan	nan	nan	nan	nan	nan	1.25825199990785	0.01973202372989469	1.329256432822026	0.022594091323789225
0.9357594670263908	nan	nan	nan	nan	nan	nan	nan	nan	nan	nan	nan	nan	nan	nan	nan	nan	1.285186885583115	0.021134682474044472	1.3507146094649816	0.02328362821734843
0.9403282386209655	nan	nan	nan	nan	nan	nan	nan	nan	nan	nan	nan	nan	nan	nan	nan	nan	1.3553923943387218	0.022085998413202003	1.3462811231716294	0.023689644834026996
0.9449229617724528	nan	nan	nan	nan	nan	nan	nan	nan	nan	nan	nan	nan	nan	nan	nan	nan	1.2947347596083945	0.022090843455781023	1.3279616222847797	0.023777857852149763
0.9495438582258579	nan	nan	nan	nan	nan	nan	nan	nan	nan	nan	nan	nan	nan	nan	nan	nan	1.330172070954785	0.0229163979673731	1.3393857438215946	0.024899528562058515
0.9541911522596872	nan	nan	nan	nan	nan	nan	nan	nan	nan	nan	nan	nan	nan	nan	nan	nan	1.3899088640575314	0.024633590790050054	1.3113586102090042	0.024786531012029843
0.9588650707222411	nan	nan	nan	nan	nan	nan	nan	nan	nan	nan	nan	nan	nan	nan	nan	nan	1.337447157880433	0.02469662683284716	1.3165506796291213	0.024839382230013626
0.9635658430685217	nan	nan	nan	nan	nan	nan	nan	nan	nan	nan	nan	nan	nan	nan	nan	nan	1.2829427638083997	0.023269429365174774	1.329687144614826	0.025940762355254512
0.9682937013977817	nan	nan	nan	nan	nan	nan	nan	nan	nan	nan	nan	nan	nan	nan	nan	nan	1.3011857212824864	0.024242155938922372	1.3073445468067508	0.026091235041071956
0.9730488804917309	nan	nan	nan	nan	nan	nan	nan	nan	nan	nan	nan	nan	nan	nan	nan	nan	1.2594432781508607	0.023584342805201785	1.2992093713912738	0.026514925194287955
