0.18141344272362706	1.0197899754355297	0.023460666655699316	nan	nan	nan	nan	nan	nan	nan	nan	nan	nan	nan	nan	nan	nan	nan	nan	nan	nan
0.1827067528060567	1.0204671320157812	0.022324414983293184	nan	nan	nan	nan	nan	nan	nan	nan	nan	nan	nan	nan	nan	nan	nan	nan	nan	nan
0.18400396368801109	1.0048444906032852	0.022114879910355843	nan	nan	nan	nan	nan	nan	nan	nan	nan	nan	nan	nan	nan	nan	nan	nan	nan	nan
0.18530509304415949	0.9943443098115899	0.021721893921159863	nan	nan	nan	nan	nan	nan	nan	nan	nan	nan	nan	nan	nan	nan	nan	nan	nan	nan
0.18661015865611238	1.0411011151845653	0.02264936784030399	nan	nan	nan	nan	nan	nan	nan	nan	nan	nan	nan	nan	nan	nan	nan	nan	nan	nan
0.18791917841323097	1.0280473322026613	0.02280572619500125	nan	nan	nan	nan	nan	nan	nan	nan	nan	nan	nan	nan	nan	nan	nan	nan	nan	nan
0.18923217031344505	1.0129014673367007	0.02231215035055428	nan	nan	nan	nan	nan	nan	nan	nan	nan	nan	nan	nan	nan	nan	nan	nan	nan	nan
0.19054915246407772	1.016248320737348	0.022346377486211023	nan	nan	nan	nan	nan	nan	nan	nan	nan	nan	nan	nan	nan	nan	nan	nan	nan	nan
0.19187014308267752	0.9843460795373709	0.02202570221755264	nan	nan	nan	nan	nan	nan	nan	nan	nan	nan	nan	nan	nan	nan	nan	nan	nan	nan
0.193195160497859	1.0237561594608502	0.02228449591490681	nan	nan	nan	nan	nan	nan	nan	nan	nan	nan	nan	nan	nan	nan	nan	nan	nan	nan
0.19452422315014986	0.9887557660776309	0.021791991651247934	nan	nan	nan	nan	nan	nan	nan	nan	nan	nan	nan	nan	nan	nan	nan	nan	nan	nan
0.1958573495928467	0.9973835111678295	0.022070480957268736	nan	nan	nan	nan	nan	nan	nan	nan	nan	nan	nan	nan	nan	nan	nan	nan	nan	nan
0.19719455849287848	1.033234941721722	0.022303776823054962	nan	nan	nan	nan	nan	nan	nan	nan	nan	nan	nan	nan	nan	nan	nan	nan	nan	nan
0.19853586863167733	1.0594387877260132	0.022703268115951403	nan	nan	nan	nan	nan	nan	nan	nan	nan	nan	nan	nan	nan	nan	nan	nan	nan	nan
0.19988129890605852	1.0142538649543171	0.02210046825558669	nan	nan	nan	nan	nan	nan	nan	nan	nan	nan	nan	nan	nan	nan	nan	nan	nan	nan
0.20123086832910717	1.025080114733385	0.022521877103738173	nan	nan	nan	nan	nan	nan	nan	nan	nan	nan	nan	nan	nan	nan	nan	nan	nan	nan
0.20258459603107448	1.0002334684057599	0.02168985150464183	nan	nan	nan	nan	nan	nan	nan	nan	nan	nan	nan	nan	nan	nan	nan	nan	nan	nan
0.20394250126028132	1.0047515766663417	0.0218619183207179	nan	nan	nan	nan	nan	nan	nan	nan	nan	nan	nan	nan	nan	nan	nan	nan	nan	nan
0.20530460338403056	1.0381929868716662	0.022536067704066326	nan	nan	nan	nan	nan	nan	nan	nan	nan	nan	nan	nan	nan	nan	nan	nan	nan	nan
0.20667092188952807	1.0338688289744435	0.02252774110196945	nan	nan	nan	nan	nan	nan	nan	nan	nan	nan	nan	nan	nan	nan	nan	nan	nan	nan
0.2080414763848116	1.0042674945468166	0.022307977587853696	nan	nan	nan	nan	nan	nan	nan	nan	nan	nan	nan	nan	nan	nan	nan	nan	nan	nan
0.20941628659968922	1.0160428984605892	0.022135452462502425	1.0374098714431372	0.01826933350247399	nan	nan	nan	nan	nan	nan	nan	nan	nan	nan	nan	nan	nan	nan	nan	nan
0.21079537238668591	1.0085171433359483	0.02221933827961898	0.9883377785849333	0.017131801894572384	nan	nan	nan	nan	nan	nan	nan	nan	nan	nan	nan	nan	nan	nan	nan	nan
0.2121787537219991	1.0568140238621722	0.023062801278948504	1.009930416241523	0.017357255923363433	nan	nan	nan	nan	nan	nan	nan	nan	nan	nan	nan	nan	nan	nan	nan	nan
0.21356645070646307	1.0330935567649338	0.022535607599666267	1.0269826424929664	0.017825871737391693	nan	nan	nan	nan	nan	nan	nan	nan	nan	nan	nan	nan	nan	nan	nan	nan
0.214958483566523	1.0324210496534179	0.023029190796550997	1.0204540723365059	0.017418088989301986	nan	nan	nan	nan	nan	nan	nan	nan	nan	nan	nan	nan	nan	nan	nan	nan
0.2163548726552171	1.0021957965334254	0.022202351701160316	1.0215200021836435	0.01759135433137698	nan	nan	nan	nan	nan	nan	nan	nan	nan	nan	nan	nan	nan	nan	nan	nan
0.21775563845316898	1.0146084842316714	0.022404781288562502	0.9924544045239428	0.01723472612944433	nan	nan	nan	nan	nan	nan	nan	nan	nan	nan	nan	nan	nan	nan	nan	nan
0.2191608015695888	1.0109465769513557	0.02262585058562161	1.0272751548853174	0.01747782900861713	nan	nan	nan	nan	nan	nan	nan	nan	nan	nan	nan	nan	nan	nan	nan	nan
0.2205703827432839	1.022548998778874	0.022853971647244384	0.9752065925234003	0.016613844085892258	nan	nan	nan	nan	nan	nan	nan	nan	nan	nan	nan	nan	nan	nan	nan	nan
0.22198440284367937	1.0080862922828902	0.022753459375572972	0.9738846535299669	0.017158268947845615	nan	nan	nan	nan	nan	nan	nan	nan	nan	nan	nan	nan	nan	nan	nan	nan
0.22340288287184776	0.9924765294215744	0.060581209622549384	1.0418496531899597	0.01787553898403259	nan	nan	nan	nan	nan	nan	nan	nan	nan	nan	nan	nan	nan	nan	nan	nan
0.22482584396154875	nan	nan	1.0319930950696994	0.017512576065841407	nan	nan	nan	nan	nan	nan	nan	nan	nan	nan	nan	nan	nan	nan	nan	nan
0.22625330738027907	nan	nan	1.0077487731323524	0.01742258047856867	nan	nan	nan	nan	nan	nan	nan	nan	nan	nan	nan	nan	nan	nan	nan	nan
0.2276852945303316	nan	nan	1.0538480783916782	0.017765034766553882	nan	nan	nan	nan	nan	nan	nan	nan	nan	nan	nan	nan	nan	nan	nan	nan
0.22912182694986538	nan	nan	0.9970701322587993	0.016927633566075153	nan	nan	nan	nan	nan	nan	nan	nan	nan	nan	nan	nan	nan	nan	nan	nan
0.23056292631398514	nan	nan	1.0332302915280378	0.01758173888149174	nan	nan	nan	nan	nan	nan	nan	nan	nan	nan	nan	nan	nan	nan	nan	nan
0.23200861443583173	nan	nan	1.011831378757914	0.017172276616261514	nan	nan	nan	nan	nan	nan	nan	nan	nan	nan	nan	nan	nan	nan	nan	nan
0.23345891326768264	nan	nan	0.9947548057155183	0.01717453371676827	nan	nan	nan	nan	nan	nan	nan	nan	nan	nan	nan	nan	nan	nan	nan	nan
0.23491384490206305	nan	nan	1.0022838803768557	0.01703839347386795	nan	nan	nan	nan	nan	nan	nan	nan	nan	nan	nan	nan	nan	nan	nan	nan
0.23637343157286764	nan	nan	1.027929345250769	0.017363641594449565	nan	nan	nan	nan	nan	nan	nan	nan	nan	nan	nan	nan	nan	nan	nan	nan
0.2378376956564933	nan	nan	1.0156570529986204	0.017014165301249832	nan	nan	nan	nan	nan	nan	nan	nan	nan	nan	nan	nan	nan	nan	nan	nan
0.23930665967298237	nan	nan	1.0179604879786093	0.017369585852432822	nan	nan	nan	nan	nan	nan	nan	nan	nan	nan	nan	nan	nan	nan	nan	nan
0.2407803462871776	nan	nan	1.0169345259619897	0.01747874697236826	nan	nan	nan	nan	nan	nan	nan	nan	nan	nan	nan	nan	nan	nan	nan	nan
0.2422587783098874	nan	nan	1.0197398434608465	0.017565933596085107	nan	nan	nan	nan	nan	nan	nan	nan	nan	nan	nan	nan	nan	nan	nan	nan
0.24374197869906297	nan	nan	0.9988435577733394	0.01689706189688671	nan	nan	nan	nan	nan	nan	nan	nan	nan	nan	nan	nan	nan	nan	nan	nan
0.24522997056098667	nan	nan	0.9917201139491332	0.017070295296253677	0.9808785958260824	0.015186797006444817	nan	nan	nan	nan	nan	nan	nan	nan	nan	nan	nan	nan	nan	nan
0.2467227771514718	nan	nan	1.0145591314787965	0.017199581224818673	0.9983290030449522	0.017127676838363515	nan	nan	nan	nan	nan	nan	nan	nan	nan	nan	nan	nan	nan	nan
0.24822042187707435	nan	nan	1.0448808518477184	0.017794047084917483	1.0224877180664593	0.0175637624447382	nan	nan	nan	nan	nan	nan	nan	nan	nan	nan	nan	nan	nan	nan
0.2497229282963163	nan	nan	1.0489256881632611	0.018173842976304293	0.9798844660253594	0.01695894927558485	nan	nan	nan	nan	nan	nan	nan	nan	nan	nan	nan	nan	nan	nan
0.2512303201209208	nan	nan	1.0072907836546732	0.017505852052450983	1.0138446586213348	0.017425289849568513	nan	nan	nan	nan	nan	nan	nan	nan	nan	nan	nan	nan	nan	nan
0.2527426212170595	nan	nan	0.993196755155711	0.016960173650345394	0.9992503514332589	0.01727521773383543	nan	nan	nan	nan	nan	nan	nan	nan	nan	nan	nan	nan	nan	nan
0.25425985560661246	nan	nan	1.008491545473626	0.01731634678528477	1.0059306172673785	0.017398492438151267	nan	nan	nan	nan	nan	nan	nan	nan	nan	nan	nan	nan	nan	nan
0.2557820474684398	nan	nan	0.9975288118231874	0.017509076774595733	1.0285710067594633	0.017798020588723866	nan	nan	nan	nan	nan	nan	nan	nan	nan	nan	nan	nan	nan	nan
0.257309221139666	nan	nan	1.0075054005180781	0.01748254746065788	0.9994779011773157	0.017353726730810124	nan	nan	nan	nan	nan	nan	nan	nan	nan	nan	nan	nan	nan	nan
0.2588414011169772	nan	nan	1.0360469128182943	0.018012256954276662	1.004204457899062	0.017708094342807193	nan	nan	nan	nan	nan	nan	nan	nan	nan	nan	nan	nan	nan	nan
0.26037861205793084	nan	nan	1.0104970140818488	0.046936194930757756	1.0252832276879542	0.017992660017102664	nan	nan	nan	nan	nan	nan	nan	nan	nan	nan	nan	nan	nan	nan
0.26192087878227843	nan	nan	nan	nan	1.0037432335883187	0.01725580623926905	nan	nan	nan	nan	nan	nan	nan	nan	nan	nan	nan	nan	nan	nan
0.2634682262733016	nan	nan	nan	nan	1.0256603703453284	0.017514174681685885	nan	nan	nan	nan	nan	nan	nan	nan	nan	nan	nan	nan	nan	nan
0.26502067967916065	nan	nan	nan	nan	0.9928096600142391	0.017185866576326713	nan	nan	nan	nan	nan	nan	nan	nan	nan	nan	nan	nan	nan	nan
0.2665782643142574	nan	nan	nan	nan	1.0312296228843365	0.017727909673121288	nan	nan	nan	nan	nan	nan	nan	nan	nan	nan	nan	nan	nan	nan
0.2681410056606109	nan	nan	nan	nan	0.9955008113084659	0.016997921805547274	nan	nan	nan	nan	nan	nan	nan	nan	nan	nan	nan	nan	nan	nan
0.26970892936924706	nan	nan	nan	nan	0.9861392589261389	0.016882401935616083	nan	nan	nan	nan	nan	nan	nan	nan	nan	nan	nan	nan	nan	nan
0.27128206126160237	nan	nan	nan	nan	0.9741314519826824	0.0167431004714239	nan	nan	nan	nan	nan	nan	nan	nan	nan	nan	nan	nan	nan	nan
0.272860427330941	nan	nan	nan	nan	1.0124572474172906	0.017367298968122658	nan	nan	nan	nan	nan	nan	nan	nan	nan	nan	nan	nan	nan	nan
0.27444405374378694	nan	nan	nan	nan	1.0257822527484566	0.01768768238099982	nan	nan	nan	nan	nan	nan	nan	nan	nan	nan	nan	nan	nan	nan
0.27603296684136946	nan	nan	nan	nan	1.0271132078496195	0.017625692517293814	nan	nan	nan	nan	nan	nan	nan	nan	nan	nan	nan	nan	nan	nan
0.27762719314108397	nan	nan	nan	nan	0.9946222195681846	0.016980874778421383	nan	nan	nan	nan	nan	nan	nan	nan	nan	nan	nan	nan	nan	nan
0.27922675933796715	nan	nan	nan	nan	1.014717281908454	0.01725954534523877	nan	nan	nan	nan	nan	nan	nan	nan	nan	nan	nan	nan	nan	nan
0.280831692306187	nan	nan	nan	nan	1.042567336356052	0.0182086132029992	nan	nan	nan	nan	nan	nan	nan	nan	nan	nan	nan	nan	nan	nan
0.2824420191005478	nan	nan	nan	nan	1.027028660710992	0.01770415917538843	nan	nan	nan	nan	nan	nan	nan	nan	nan	nan	nan	nan	nan	nan
0.28405776695801016	nan	nan	nan	nan	1.0261209439460763	0.017963785503622185	nan	nan	nan	nan	nan	nan	nan	nan	nan	nan	nan	nan	nan	nan
0.28567896329922726	nan	nan	nan	nan	0.9912340596103646	0.017086048651841074	0.973687972040968	0.016621146425270968	nan	nan	nan	nan	nan	nan	nan	nan	nan	nan	nan	nan
0.28730563573009554	nan	nan	nan	nan	1.0067570068671172	0.017466531247277206	1.0125287110500094	0.018398979568184797	nan	nan	nan	nan	nan	nan	nan	nan	nan	nan	nan	nan
0.2889378120433217	nan	nan	nan	nan	1.0557650259541738	0.01819403980984084	0.985391652077122	0.017953124826547467	nan	nan	nan	nan	nan	nan	nan	nan	nan	nan	nan	nan
0.29057552022000566	nan	nan	nan	nan	1.0153402145336112	0.017612753409459187	0.9982335852265116	0.018371677998163055	nan	nan	nan	nan	nan	nan	nan	nan	nan	nan	nan	nan
0.2922187884312396	nan	nan	nan	nan	1.0164586124215393	0.01762382859202467	1.0028477301214092	0.01830871693214406	nan	nan	nan	nan	nan	nan	nan	nan	nan	nan	nan	nan
0.293867645039723	nan	nan	nan	nan	1.0006361726294792	0.017490280708779633	1.0182982213593992	0.018322359367070957	nan	nan	nan	nan	nan	nan	nan	nan	nan	nan	nan	nan
0.29552211860139493	nan	nan	nan	nan	0.9794650149964492	0.017382798267171973	1.0248044864488812	0.018858764900729675	nan	nan	nan	nan	nan	nan	nan	nan	nan	nan	nan	nan
0.29718223786708214	nan	nan	nan	nan	0.9998690277381524	0.01729963971529144	0.9929293030792204	0.018313216075638464	nan	nan	nan	nan	nan	nan	nan	nan	nan	nan	nan	nan
0.2988480317841647	nan	nan	nan	nan	0.9775826059460995	0.017053537480947716	1.0248914288718511	0.018816963217878586	nan	nan	nan	nan	nan	nan	nan	nan	nan	nan	nan	nan
0.30051952949825816	nan	nan	nan	nan	1.0011461632488714	0.01798783263592221	1.0098707890019014	0.018386819496045554	nan	nan	nan	nan	nan	nan	nan	nan	nan	nan	nan	nan
0.3021967603549143	nan	nan	nan	nan	1.007682551154154	0.01765656842588917	1.0010109703513728	0.018252767066048052	nan	nan	nan	nan	nan	nan	nan	nan	nan	nan	nan	nan
0.3038797539013372	nan	nan	nan	nan	1.0300492769075755	0.01818106222978664	0.9653781268558944	0.017965977097259573	nan	nan	nan	nan	nan	nan	nan	nan	nan	nan	nan	nan
0.3055685398881195	nan	nan	nan	nan	1.0141101909041395	0.0238856312298872	1.0344013068382594	0.019242344444546658	nan	nan	nan	nan	nan	nan	nan	nan	nan	nan	nan	nan
0.30726314827099493	nan	nan	nan	nan	nan	nan	1.0157455838445117	0.018453357661989744	nan	nan	nan	nan	nan	nan	nan	nan	nan	nan	nan	nan
0.3089636092126092	nan	nan	nan	nan	nan	nan	1.0234927764361463	0.018624347845753043	nan	nan	nan	nan	nan	nan	nan	nan	nan	nan	nan	nan
0.31066995308431045	nan	nan	nan	nan	nan	nan	1.0109468273103415	0.018699166992319174	nan	nan	nan	nan	nan	nan	nan	nan	nan	nan	nan	nan
0.31238221046795667	nan	nan	nan	nan	nan	nan	1.0144162644672245	0.018581498030071163	nan	nan	nan	nan	nan	nan	nan	nan	nan	nan	nan	nan
0.31410041215774287	nan	nan	nan	nan	nan	nan	0.9846921321628543	0.017773731856785057	nan	nan	nan	nan	nan	nan	nan	nan	nan	nan	nan	nan
0.3158245891620476	nan	nan	nan	nan	nan	nan	0.97251741237999	0.018088889397273402	nan	nan	nan	nan	nan	nan	nan	nan	nan	nan	nan	nan
0.31755477270529764	nan	nan	nan	nan	nan	nan	0.9780765448571364	0.018006886338982897	nan	nan	nan	nan	nan	nan	nan	nan	nan	nan	nan	nan
0.31929099422985396	nan	nan	nan	nan	nan	nan	1.0166911873070388	0.0188258138669484	nan	nan	nan	nan	nan	nan	nan	nan	nan	nan	nan	nan
0.321033285397915	nan	nan	nan	nan	nan	nan	0.9978398809507193	0.018565500948910883	nan	nan	nan	nan	nan	nan	nan	nan	nan	nan	nan	nan
0.32278167809344255	nan	nan	nan	nan	nan	nan	1.0155776113401795	0.0184364226441937	nan	nan	nan	nan	nan	nan	nan	nan	nan	nan	nan	nan
0.3245362044241062	nan	nan	nan	nan	nan	nan	1.0063018208174352	0.018585853278832474	nan	nan	nan	nan	nan	nan	nan	nan	nan	nan	nan	nan
0.3262968967232487	nan	nan	nan	nan	nan	nan	0.9845430206990383	0.017888231003801915	nan	nan	nan	nan	nan	nan	nan	nan	nan	nan	nan	nan
0.3280637875518724	nan	nan	nan	nan	nan	nan	1.004586628330958	0.018213579400985464	nan	nan	nan	nan	nan	nan	nan	nan	nan	nan	nan	nan
0.32983690970064644	nan	nan	nan	nan	nan	nan	1.0144503895790746	0.018576956463750825	nan	nan	nan	nan	nan	nan	nan	nan	nan	nan	nan	nan
0.3316162961919351	nan	nan	nan	nan	nan	nan	1.0131145680951088	0.018492697393578107	nan	nan	nan	nan	nan	nan	nan	nan	nan	nan	nan	nan
0.33340198028184803	nan	nan	nan	nan	nan	nan	0.9979252952166034	0.018623506903336962	nan	nan	nan	nan	nan	nan	nan	nan	nan	nan	nan	nan
0.33519399546231204	nan	nan	nan	nan	nan	nan	0.9897323826244621	0.01845698872516103	nan	nan	nan	nan	nan	nan	nan	nan	nan	nan	nan	nan
0.3369923754631648	nan	nan	nan	nan	nan	nan	0.9904283555091817	0.018281809590742035	1.042632372188101	0.013508020282303083	nan	nan	nan	nan	nan	nan	nan	nan	nan	nan
0.3387971542542715	nan	nan	nan	nan	nan	nan	0.9627779351291212	0.018037813386524285	0.9915816864670167	0.016587280335817082	nan	nan	nan	nan	nan	nan	nan	nan	nan	nan
0.3406083660476632	nan	nan	nan	nan	nan	nan	0.9984815679963314	0.018320095622722885	0.9847516427837592	0.01626524428121114	nan	nan	nan	nan	nan	nan	nan	nan	nan	nan
0.34242604529969956	nan	nan	nan	nan	nan	nan	1.0075133494552144	0.018907758268077696	0.980802442250636	0.016225413441794855	nan	nan	nan	nan	nan	nan	nan	nan	nan	nan
0.3442502267132527	nan	nan	nan	nan	nan	nan	1.0174137577473459	0.018856287886886824	0.9893472337540409	0.01680254544783641	nan	nan	nan	nan	nan	nan	nan	nan	nan	nan
0.34608094523991667	nan	nan	nan	nan	nan	nan	1.0033454295932558	0.01886817866360779	1.0023514235877342	0.01646241860278021	nan	nan	nan	nan	nan	nan	nan	nan	nan	nan
0.347918236082239	nan	nan	nan	nan	nan	nan	0.9364355884531261	0.018112693171604473	1.011914440331721	0.016985868180162254	nan	nan	nan	nan	nan	nan	nan	nan	nan	nan
0.3497621346959778	nan	nan	nan	nan	nan	nan	0.9939275819755643	0.018593719156274367	0.9948431248511355	0.016738307365416732	nan	nan	nan	nan	nan	nan	nan	nan	nan	nan
0.35161267679238184	nan	nan	nan	nan	nan	nan	1.003857004059683	0.019175741830722882	0.9764243687674171	0.016570514582531528	nan	nan	nan	nan	nan	nan	nan	nan	nan	nan
0.35346989834049636	nan	nan	nan	nan	nan	nan	0.996907131707007	0.018707292762393347	1.0047381622912188	0.01687645606912876	nan	nan	nan	nan	nan	nan	nan	nan	nan	nan
0.3553338355694936	nan	nan	nan	nan	nan	nan	0.9897325765935564	0.019173036225519795	1.0129584432545373	0.016825215271140354	nan	nan	nan	nan	nan	nan	nan	nan	nan	nan
0.3572045249710284	nan	nan	nan	nan	nan	nan	1.0405946979271385	0.01969548740573537	0.9747712077490105	0.01633088105369526	nan	nan	nan	nan	nan	nan	nan	nan	nan	nan
0.35908200330161977	nan	nan	nan	nan	nan	nan	0.9856639294855065	0.018683642518314503	0.95793277121206	0.01623782006704147	nan	nan	nan	nan	nan	nan	nan	nan	nan	nan
0.3609663075850582	nan	nan	nan	nan	nan	nan	0.983847244083342	0.022728943487730826	0.9713631621083961	0.016630931794785416	nan	nan	nan	nan	nan	nan	nan	nan	nan	nan
0.3628574751148396	nan	nan	nan	nan	nan	nan	nan	nan	1.0124539790085956	0.017259827957325925	nan	nan	nan	nan	nan	nan	nan	nan	nan	nan
0.36475554345662525	nan	nan	nan	nan	nan	nan	nan	nan	1.0159849235566396	0.0167964786659995	nan	nan	nan	nan	nan	nan	nan	nan	nan	nan
0.3666605504507296	nan	nan	nan	nan	nan	nan	nan	nan	1.0128965101811382	0.01697851582213339	nan	nan	nan	nan	nan	nan	nan	nan	nan	nan
0.36857253421463476	nan	nan	nan	nan	nan	nan	nan	nan	1.002438405917946	0.01677194619571726	nan	nan	nan	nan	nan	nan	nan	nan	nan	nan
0.37049153314553285	nan	nan	nan	nan	nan	nan	nan	nan	1.0100250428282438	0.01686843283174909	nan	nan	nan	nan	nan	nan	nan	nan	nan	nan
0.3724175859228962	nan	nan	nan	nan	nan	nan	nan	nan	0.9849457743057313	0.016452731571586193	nan	nan	nan	nan	nan	nan	nan	nan	nan	nan
0.37435073151107656	nan	nan	nan	nan	nan	nan	nan	nan	0.9899003199258556	0.016568562816528284	nan	nan	nan	nan	nan	nan	nan	nan	nan	nan
0.3762910091619324	nan	nan	nan	nan	nan	nan	nan	nan	0.9875748755370104	0.016425629912446015	nan	nan	nan	nan	nan	nan	nan	nan	nan	nan
0.3782384584174855	nan	nan	nan	nan	nan	nan	nan	nan	0.9810023460163041	0.0166631580768221	nan	nan	nan	nan	nan	nan	nan	nan	nan	nan
0.3801931191126075	nan	nan	nan	nan	nan	nan	nan	nan	0.9956533969711416	0.01655687121382558	nan	nan	nan	nan	nan	nan	nan	nan	nan	nan
0.38215503137773554	nan	nan	nan	nan	nan	nan	nan	nan	0.9928626275808187	0.017028482494687115	nan	nan	nan	nan	nan	nan	nan	nan	nan	nan
0.38412423564161885	nan	nan	nan	nan	nan	nan	nan	nan	0.999943216685931	0.016925530767252926	nan	nan	nan	nan	nan	nan	nan	nan	nan	nan
0.38610077263409603	nan	nan	nan	nan	nan	nan	nan	nan	0.9834178815254929	0.016597450125721294	nan	nan	nan	nan	nan	nan	nan	nan	nan	nan
0.3880846833889029	nan	nan	nan	nan	nan	nan	nan	nan	0.9852048476271911	0.016158962740722392	nan	nan	nan	nan	nan	nan	nan	nan	nan	nan
0.3900760092465123	nan	nan	nan	nan	nan	nan	nan	nan	0.9825067629677836	0.016564030256876194	nan	nan	nan	nan	nan	nan	nan	nan	nan	nan
0.3920747918570055	nan	nan	nan	nan	nan	nan	nan	nan	0.9773263171695764	0.016526592544410166	nan	nan	nan	nan	nan	nan	nan	nan	nan	nan
0.39408107318297597	nan	nan	nan	nan	nan	nan	nan	nan	0.9774472991767212	0.016485259414981124	nan	nan	nan	nan	nan	nan	nan	nan	nan	nan
0.3960948955024664	nan	nan	nan	nan	nan	nan	nan	nan	0.9781728968163743	0.016635331435790473	nan	nan	nan	nan	nan	nan	nan	nan	nan	nan
0.39811630141193793	nan	nan	nan	nan	nan	nan	nan	nan	0.9647175383219877	0.016492337557412317	nan	nan	nan	nan	nan	nan	nan	nan	nan	nan
0.400145333829274	nan	nan	nan	nan	nan	nan	nan	nan	0.9815847056028114	0.01665857674582763	nan	nan	nan	nan	nan	nan	nan	nan	nan	nan
0.4021820359968173	nan	nan	nan	nan	nan	nan	nan	nan	1.0002809359346607	0.016872057134951313	0.9876863781789313	0.013431544080288422	nan	nan	nan	nan	nan	nan	nan	nan
0.40422645148444214	nan	nan	nan	nan	nan	nan	nan	nan	0.9676285947654085	0.016783767083367956	0.9631397964510245	0.016883872988310948	nan	nan	nan	nan	nan	nan	nan	nan
0.40627862419266125	nan	nan	nan	nan	nan	nan	nan	nan	0.9861962513640304	0.016612784932018666	0.9792872834482381	0.017027479777473247	nan	nan	nan	nan	nan	nan	nan	nan
0.40833859835576813	nan	nan	nan	nan	nan	nan	nan	nan	0.9923063140247366	0.01704741253805658	0.948754424762528	0.016391043693739227	nan	nan	nan	nan	nan	nan	nan	nan
0.4104064185450153	nan	nan	nan	nan	nan	nan	nan	nan	1.010395449517006	0.01691247107688672	0.9816720625107852	0.0175157732689112	nan	nan	nan	nan	nan	nan	nan	nan
0.41248212967182873	nan	nan	nan	nan	nan	nan	nan	nan	0.9792873468744089	0.01680833944252053	0.980636377910391	0.016951124226159065	nan	nan	nan	nan	nan	nan	nan	nan
0.4145657769910597	nan	nan	nan	nan	nan	nan	nan	nan	0.9835731366349196	0.017402902740893733	0.9556749647841354	0.01649876720211198	nan	nan	nan	nan	nan	nan	nan	nan
0.41665740610427343	nan	nan	nan	nan	nan	nan	nan	nan	0.9542895979263829	0.01665843792303888	0.9902516738018141	0.01761050077053641	nan	nan	nan	nan	nan	nan	nan	nan
0.4187570629630764	nan	nan	nan	nan	nan	nan	nan	nan	0.9837737221108113	0.016621298243164304	0.9785817055653085	0.017252508741963712	nan	nan	nan	nan	nan	nan	nan	nan
0.4208647938724801	nan	nan	nan	nan	nan	nan	nan	nan	0.9549296189580289	0.01655797382288441	0.9390078181552414	0.01665814463033048	nan	nan	nan	nan	nan	nan	nan	nan
0.422980645494307	nan	nan	nan	nan	nan	nan	nan	nan	0.9612316102428667	0.016715849300101757	0.9700587423373249	0.017221270361220186	nan	nan	nan	nan	nan	nan	nan	nan
0.42510466485063253	nan	nan	nan	nan	nan	nan	nan	nan	0.9683898738747966	0.017128533100308315	0.9943110893707141	0.017383600705171236	nan	nan	nan	nan	nan	nan	nan	nan
0.42723689932726844	nan	nan	nan	nan	nan	nan	nan	nan	0.968853845758853	0.016959853762587192	0.9608805357169986	0.016918094844112965	nan	nan	nan	nan	nan	nan	nan	nan
0.4293773966772883	nan	nan	nan	nan	nan	nan	nan	nan	0.9734200905129765	0.016850784947317794	0.9672643576933121	0.017040010409491418	nan	nan	nan	nan	nan	nan	nan	nan
0.43152620502459005	nan	nan	nan	nan	nan	nan	nan	nan	0.9677470432981439	0.0171764667350894	0.953429700020863	0.016994760687602223	nan	nan	nan	nan	nan	nan	nan	nan
0.43368337286750464	nan	nan	nan	nan	nan	nan	nan	nan	0.9794932306926514	0.06546990971709882	1.006348562874737	0.01811104970262354	nan	nan	nan	nan	nan	nan	nan	nan
0.4358489490824442	nan	nan	nan	nan	nan	nan	nan	nan	nan	nan	0.9818369481928068	0.01718308981784411	nan	nan	nan	nan	nan	nan	nan	nan
0.4380229829275921	nan	nan	nan	nan	nan	nan	nan	nan	nan	nan	0.9898274517690356	0.017362882301931126	nan	nan	nan	nan	nan	nan	nan	nan
0.4402055240466404	nan	nan	nan	nan	nan	nan	nan	nan	nan	nan	0.9624037735674497	0.01709220278607892	nan	nan	nan	nan	nan	nan	nan	nan
0.44239662247256567	nan	nan	nan	nan	nan	nan	nan	nan	nan	nan	0.9844357667896766	0.01754822775217407	nan	nan	nan	nan	nan	nan	nan	nan
0.4445963286314546	nan	nan	nan	nan	nan	nan	nan	nan	nan	nan	0.9884915646081125	0.017420778993158255	nan	nan	nan	nan	nan	nan	nan	nan
0.4468046933463718	nan	nan	nan	nan	nan	nan	nan	nan	nan	nan	0.9779568116947566	0.017070461808996056	nan	nan	nan	nan	nan	nan	nan	nan
0.44902176784127257	nan	nan	nan	nan	nan	nan	nan	nan	nan	nan	0.9434770270935359	0.016738075194449413	nan	nan	nan	nan	nan	nan	nan	nan
0.45124760374496603	nan	nan	nan	nan	nan	nan	nan	nan	nan	nan	0.9921863070158182	0.017391100123966517	nan	nan	nan	nan	nan	nan	nan	nan
0.45348225309511997	nan	nan	nan	nan	nan	nan	nan	nan	nan	nan	0.969900747819254	0.017015595681853676	nan	nan	nan	nan	nan	nan	nan	nan
0.4557257683423189	nan	nan	nan	nan	nan	nan	nan	nan	nan	nan	0.9480309911484165	0.01706094384978284	nan	nan	nan	nan	nan	nan	nan	nan
0.4579782023541661	nan	nan	nan	nan	nan	nan	nan	nan	nan	nan	0.9681663195777128	0.01718798410204908	nan	nan	nan	nan	nan	nan	nan	nan
0.46023960841943584	nan	nan	nan	nan	nan	nan	nan	nan	nan	nan	0.9617413264316337	0.017393041293185498	nan	nan	nan	nan	nan	nan	nan	nan
0.4625100402522784	nan	nan	nan	nan	nan	nan	nan	nan	nan	nan	0.9945078524666652	0.017536396877083412	nan	nan	nan	nan	nan	nan	nan	nan
0.46478955199646976	nan	nan	nan	nan	nan	nan	nan	nan	nan	nan	0.958316721415351	0.01729111421697294	nan	nan	nan	nan	nan	nan	nan	nan
0.46707819822971813	nan	nan	nan	nan	nan	nan	nan	nan	nan	nan	0.9658228304492859	0.01657899990750244	nan	nan	nan	nan	nan	nan	nan	nan
0.4693760339680191	nan	nan	nan	nan	nan	nan	nan	nan	nan	nan	0.9462101131016275	0.0167375777749676	nan	nan	nan	nan	nan	nan	nan	nan
0.4716831146700626	nan	nan	nan	nan	nan	nan	nan	nan	nan	nan	0.9559998944960978	0.017110922153667718	nan	nan	nan	nan	nan	nan	nan	nan
0.4739994962416974	nan	nan	nan	nan	nan	nan	nan	nan	nan	nan	0.9664534611725503	0.01756683205160614	nan	nan	nan	nan	nan	nan	nan	nan
0.4763252350404442	nan	nan	nan	nan	nan	nan	nan	nan	nan	nan	0.962709972067343	0.017327161906745964	nan	nan	nan	nan	nan	nan	nan	nan
0.47866038788006826	nan	nan	nan	nan	nan	nan	nan	nan	nan	nan	0.9494370861351968	0.01702660292389282	nan	nan	nan	nan	nan	nan	nan	nan
0.48100501203520524	nan	nan	nan	nan	nan	nan	nan	nan	nan	nan	0.9744738199158066	0.017937859943025037	nan	nan	nan	nan	nan	nan	nan	nan
0.48335916524604255	nan	nan	nan	nan	nan	nan	nan	nan	nan	nan	0.9470972694869664	0.01726668225580699	nan	nan	nan	nan	nan	nan	nan	nan
0.48572290572306154	nan	nan	nan	nan	nan	nan	nan	nan	nan	nan	0.9572991276415751	0.017302576412659133	0.9685929810502062	0.013632306342879506	nan	nan	nan	nan	nan	nan
0.4880962921518329	nan	nan	nan	nan	nan	nan	nan	nan	nan	nan	0.9348680000741298	0.017269964615284544	0.9542479067784067	0.01632109386706882	nan	nan	nan	nan	nan	nan
0.490479383697876	nan	nan	nan	nan	nan	nan	nan	nan	nan	nan	0.9561212896348775	0.01724347974208843	0.94358206857767	0.01617932588146024	nan	nan	nan	nan	nan	nan
0.49287224001157376	nan	nan	nan	nan	nan	nan	nan	nan	nan	nan	0.9718128395930218	0.017696516699525384	0.936577250596392	0.0160238038323414	nan	nan	nan	nan	nan	nan
0.49527492123314903	nan	nan	nan	nan	nan	nan	nan	nan	nan	nan	0.9655408272134053	0.017771125682337796	0.951557439196346	0.016673289957526274	nan	nan	nan	nan	nan	nan
0.497687487997706	nan	nan	nan	nan	nan	nan	nan	nan	nan	nan	0.9602200663215607	0.017696734870397534	0.943877314378284	0.016186456779776884	nan	nan	nan	nan	nan	nan
0.5001100014403271	nan	nan	nan	nan	nan	nan	nan	nan	nan	nan	0.989225815858627	0.018422285422211762	0.939823126218626	0.015821466529344737	nan	nan	nan	nan	nan	nan
0.5025425232012406	nan	nan	nan	nan	nan	nan	nan	nan	nan	nan	0.9356161985397758	0.01784297146478892	0.9731713355331584	0.017120900395098608	nan	nan	nan	nan	nan	nan
0.5049851154310464	nan	nan	nan	nan	nan	nan	nan	nan	nan	nan	0.9640933350522437	0.018115370586779162	0.9615079989761655	0.01674852601022592	nan	nan	nan	nan	nan	nan
0.5074378407960098	nan	nan	nan	nan	nan	nan	nan	nan	nan	nan	0.9317521435473318	0.017262778602461056	0.9370813045862239	0.016249302322132224	nan	nan	nan	nan	nan	nan
0.5099007624834219	nan	nan	nan	nan	nan	nan	nan	nan	nan	nan	0.9391862342036871	0.0175596322888296	0.961137168268566	0.01696737979466451	nan	nan	nan	nan	nan	nan
0.5123739442070238	nan	nan	nan	nan	nan	nan	nan	nan	nan	nan	0.9465736537484224	0.017714682806416915	0.9501771619430959	0.016497111306628905	nan	nan	nan	nan	nan	nan
0.5148574502125024	nan	nan	nan	nan	nan	nan	nan	nan	nan	nan	0.9431107739564427	0.01813292921472426	0.9752686433868494	0.016877632397773342	nan	nan	nan	nan	nan	nan
0.5173513452830536	nan	nan	nan	nan	nan	nan	nan	nan	nan	nan	0.9248402116906321	0.017565643708500805	0.9669431348544221	0.016720709320548675	nan	nan	nan	nan	nan	nan
0.519855694745013	nan	nan	nan	nan	nan	nan	nan	nan	nan	nan	0.9548489949763993	0.017874041446471967	0.9526852466830706	0.016681361031987318	nan	nan	nan	nan	nan	nan
0.5223705644735638	nan	nan	nan	nan	nan	nan	nan	nan	nan	nan	0.9424335430353525	0.01798254306721413	0.9301222044116647	0.0163949672163072	nan	nan	nan	nan	nan	nan
0.5248960208985087	nan	nan	nan	nan	nan	nan	nan	nan	nan	nan	0.9677502036533946	0.019497494088800214	0.9645937744724616	0.01727389697061878	nan	nan	nan	nan	nan	nan
0.5274321310101232	nan	nan	nan	nan	nan	nan	nan	nan	nan	nan	nan	nan	0.9379278851952498	0.016645248238914362	nan	nan	nan	nan	nan	nan
0.5299789623650758	nan	nan	nan	nan	nan	nan	nan	nan	nan	nan	nan	nan	0.9600100701202634	0.01634816435700834	nan	nan	nan	nan	nan	nan
0.5325365830924277	nan	nan	nan	nan	nan	nan	nan	nan	nan	nan	nan	nan	0.962107855011359	0.016680418253963977	nan	nan	nan	nan	nan	nan
0.5351050618997094	nan	nan	nan	nan	nan	nan	nan	nan	nan	nan	nan	nan	0.9571300100637901	0.016758315177563946	nan	nan	nan	nan	nan	nan
0.5376844680790702	nan	nan	nan	nan	nan	nan	nan	nan	nan	nan	nan	nan	0.962489952959659	0.017094865048799493	nan	nan	nan	nan	nan	nan
0.5402748715135127	nan	nan	nan	nan	nan	nan	nan	nan	nan	nan	nan	nan	0.9586582486665504	0.016833966219409607	nan	nan	nan	nan	nan	nan
0.5428763426832017	nan	nan	nan	nan	nan	nan	nan	nan	nan	nan	nan	nan	0.9346301835938112	0.016335982902308938	nan	nan	nan	nan	nan	nan
0.5454889526718572	nan	nan	nan	nan	nan	nan	nan	nan	nan	nan	nan	nan	0.9300290138756768	0.0164429253792827	nan	nan	nan	nan	nan	nan
0.5481127731732299	nan	nan	nan	nan	nan	nan	nan	nan	nan	nan	nan	nan	0.9453496073099211	0.016762340758455774	nan	nan	nan	nan	nan	nan
0.5507478764976571	nan	nan	nan	nan	nan	nan	nan	nan	nan	nan	nan	nan	0.9459513345531018	0.016549230230919823	nan	nan	nan	nan	nan	nan
0.5533943355787075	nan	nan	nan	nan	nan	nan	nan	nan	nan	nan	nan	nan	0.924640003526895	0.016658393628241366	nan	nan	nan	nan	nan	nan
0.5560522239799095	nan	nan	nan	nan	nan	nan	nan	nan	nan	nan	nan	nan	0.9521925522436908	0.01674613810831473	nan	nan	nan	nan	nan	nan
0.5587216159015667	nan	nan	nan	nan	nan	nan	nan	nan	nan	nan	nan	nan	0.9345980700431911	0.0170440855398202	nan	nan	nan	nan	nan	nan
0.5614025861876641	nan	nan	nan	nan	nan	nan	nan	nan	nan	nan	nan	nan	0.9314662772784387	0.016430582282569862	nan	nan	nan	nan	nan	nan
0.5640952103328618	nan	nan	nan	nan	nan	nan	nan	nan	nan	nan	nan	nan	0.9826616738544748	0.0173889302882291	nan	nan	nan	nan	nan	nan
0.5667995644895831	nan	nan	nan	nan	nan	nan	nan	nan	nan	nan	nan	nan	0.9273904621016259	0.01657832900530331	nan	nan	nan	nan	nan	nan
0.569515725475192	nan	nan	nan	nan	nan	nan	nan	nan	nan	nan	nan	nan	0.9454034165861319	0.01643805044764138	nan	nan	nan	nan	nan	nan
0.5722437707792678	nan	nan	nan	nan	nan	nan	nan	nan	nan	nan	nan	nan	0.9382247180636889	0.016761961808091173	nan	nan	nan	nan	nan	nan
0.5749837785709742	nan	nan	nan	nan	nan	nan	nan	nan	nan	nan	nan	nan	0.9313472812442093	0.016504654416281024	nan	nan	nan	nan	nan	nan
0.5777358277065241	nan	nan	nan	nan	nan	nan	nan	nan	nan	nan	nan	nan	0.9525187791697656	0.017056210066068795	nan	nan	nan	nan	nan	nan
0.5804999977367473	nan	nan	nan	nan	nan	nan	nan	nan	nan	nan	nan	nan	0.9595387389431647	0.017488401343437997	nan	nan	nan	nan	nan	nan
0.5832763689147537	nan	nan	nan	nan	nan	nan	nan	nan	nan	nan	nan	nan	0.925758539629889	0.01690560892828365	nan	nan	nan	nan	nan	nan
0.5860650222036999	nan	nan	nan	nan	nan	nan	nan	nan	nan	nan	nan	nan	0.9277106024233405	0.017182339479998646	nan	nan	nan	nan	nan	nan
0.5888660392846613	nan	nan	nan	nan	nan	nan	nan	nan	nan	nan	nan	nan	0.9428156157596873	0.01713999140369916	nan	nan	nan	nan	nan	nan
0.5916795025646047	nan	nan	nan	nan	nan	nan	nan	nan	nan	nan	nan	nan	0.9221854598702914	0.01687888561180924	nan	nan	nan	nan	nan	nan
0.594505495184472	nan	nan	nan	nan	nan	nan	nan	nan	nan	nan	nan	nan	0.9589233948694336	0.017568379838034102	0.9774827152668929	0.008350842503894822	nan	nan	nan	nan
0.5973441010273697	nan	nan	nan	nan	nan	nan	nan	nan	nan	nan	nan	nan	0.9148590291579709	0.017184916983475025	0.9078377997940708	0.018125336080227893	nan	nan	nan	nan
0.6001954047268666	nan	nan	nan	nan	nan	nan	nan	nan	nan	nan	nan	nan	0.9552804267786662	0.017364756878239466	0.9194894234624541	0.018060574317725713	nan	nan	nan	nan
0.6030594916754093	nan	nan	nan	nan	nan	nan	nan	nan	nan	nan	nan	nan	0.9470672114157196	0.017394195117891042	0.9175949509900904	0.01838350233289271	nan	nan	nan	nan
0.6059364480328419	nan	nan	nan	nan	nan	nan	nan	nan	nan	nan	nan	nan	0.9472082834747706	0.01748153329165518	0.9236310162111884	0.018180111758247807	nan	nan	nan	nan
0.6088263607350503	nan	nan	nan	nan	nan	nan	nan	nan	nan	nan	nan	nan	0.9461004048622135	0.017446092520138328	0.9180974486407085	0.018332973446072775	nan	nan	nan	nan
0.6117293175027165	nan	nan	nan	nan	nan	nan	nan	nan	nan	nan	nan	nan	0.9482925493859038	0.017983732619802403	0.9354681956202664	0.018663772206635988	nan	nan	nan	nan
0.6146454068501958	nan	nan	nan	nan	nan	nan	nan	nan	nan	nan	nan	nan	0.9686794854341976	0.01833955520844396	0.9128127215319806	0.018133761441818583	nan	nan	nan	nan
0.6175747180945126	nan	nan	nan	nan	nan	nan	nan	nan	nan	nan	nan	nan	0.9160558865713213	0.017602137149324567	0.9208278689619512	0.0184204288077537	nan	nan	nan	nan
0.6205173413644792	nan	nan	nan	nan	nan	nan	nan	nan	nan	nan	nan	nan	0.9444666862431753	0.018060089040296566	0.9501536759406676	0.019317968883202405	nan	nan	nan	nan
0.6234733676099412	nan	nan	nan	nan	nan	nan	nan	nan	nan	nan	nan	nan	0.9240314053283586	0.017249531305853636	0.9334325223963824	0.01885237990248612	nan	nan	nan	nan
0.6264428886111462	nan	nan	nan	nan	nan	nan	nan	nan	nan	nan	nan	nan	0.929422464710918	0.01830892522322655	0.8944422385186771	0.018338421648159863	nan	nan	nan	nan
0.6294259969882428	nan	nan	nan	nan	nan	nan	nan	nan	nan	nan	nan	nan	0.952227452894841	0.01793901483836019	0.9219263802485286	0.019017308767514257	nan	nan	nan	nan
0.6324227862109124	nan	nan	nan	nan	nan	nan	nan	nan	nan	nan	nan	nan	0.9238461995725266	0.01811891506312685	0.9379584851387558	0.0193936505555261	nan	nan	nan	nan
0.6354333506081286	nan	nan	nan	nan	nan	nan	nan	nan	nan	nan	nan	nan	0.9342234389017579	0.018026518083485394	0.9230431471416688	0.01885511721274182	nan	nan	nan	nan
0.6384577853780571	nan	nan	nan	nan	nan	nan	nan	nan	nan	nan	nan	nan	0.9156727181482441	0.01787257855515514	0.9415832133009922	0.019321916791796245	nan	nan	nan	nan
0.6414961865980893	nan	nan	nan	nan	nan	nan	nan	nan	nan	nan	nan	nan	0.9355877691300648	0.01787267152438725	0.9345102584367511	0.018980385913018687	nan	nan	nan	nan
0.6445486512350157	nan	nan	nan	nan	nan	nan	nan	nan	nan	nan	nan	nan	0.8996786960744677	0.017994725511012204	0.9026462500554105	0.01880736994926132	nan	nan	nan	nan
0.6476152771553428	nan	nan	nan	nan	nan	nan	nan	nan	nan	nan	nan	nan	0.9296289467301156	0.018625792228897552	0.9233272876564805	0.01943691447416283	nan	nan	nan	nan
0.6506961631357502	nan	nan	nan	nan	nan	nan	nan	nan	nan	nan	nan	nan	nan	nan	0.9510497640440349	0.02025149511653891	nan	nan	nan	nan
0.6537914088736986	nan	nan	nan	nan	nan	nan	nan	nan	nan	nan	nan	nan	nan	nan	0.9109338732085489	0.0191975129280024	nan	nan	nan	nan
0.6569011149981825	nan	nan	nan	nan	nan	nan	nan	nan	nan	nan	nan	nan	nan	nan	0.948741561727017	0.019243453983066247	nan	nan	nan	nan
0.6600253830806362	nan	nan	nan	nan	nan	nan	nan	nan	nan	nan	nan	nan	nan	nan	0.9253727207799286	0.01936247866025592	nan	nan	nan	nan
0.6631643156459932	nan	nan	nan	nan	nan	nan	nan	nan	nan	nan	nan	nan	nan	nan	0.9314797534961236	0.01990045120510853	nan	nan	nan	nan
0.6663180161838991	nan	nan	nan	nan	nan	nan	nan	nan	nan	nan	nan	nan	nan	nan	0.9326691473322288	0.019775619612157565	nan	nan	nan	nan
0.6694865891600882	nan	nan	nan	nan	nan	nan	nan	nan	nan	nan	nan	nan	nan	nan	0.9319412431998143	0.019773084965464347	nan	nan	nan	nan
0.6726701400279161	nan	nan	nan	nan	nan	nan	nan	nan	nan	nan	nan	nan	nan	nan	0.9360082504100341	0.01999396250398351	nan	nan	nan	nan
0.6758687752400595	nan	nan	nan	nan	nan	nan	nan	nan	nan	nan	nan	nan	nan	nan	0.9182122334226949	0.019294971989912722	nan	nan	nan	nan
0.6790826022603825	nan	nan	nan	nan	nan	nan	nan	nan	nan	nan	nan	nan	nan	nan	0.9061018568676759	0.019566528659629618	nan	nan	nan	nan
0.6823117295759699	nan	nan	nan	nan	nan	nan	nan	nan	nan	nan	nan	nan	nan	nan	0.9268088678289489	0.0200961883200733	nan	nan	nan	nan
0.6855562667093362	nan	nan	nan	nan	nan	nan	nan	nan	nan	nan	nan	nan	nan	nan	0.9038804206409693	0.019629734783335948	nan	nan	nan	nan
0.6888163242308077	nan	nan	nan	nan	nan	nan	nan	nan	nan	nan	nan	nan	nan	nan	0.895099193503404	0.019887285812154532	nan	nan	nan	nan
0.6920920137710824	nan	nan	nan	nan	nan	nan	nan	nan	nan	nan	nan	nan	nan	nan	0.9192024966037254	0.020239882601530243	nan	nan	nan	nan
0.6953834480339738	nan	nan	nan	nan	nan	nan	nan	nan	nan	nan	nan	nan	nan	nan	0.9064768839605439	0.020139877944186563	nan	nan	nan	nan
0.6986907408093335	nan	nan	nan	nan	nan	nan	nan	nan	nan	nan	nan	nan	nan	nan	0.9153576319728843	0.02057718607635704	nan	nan	nan	nan
0.702014006986168	nan	nan	nan	nan	nan	nan	nan	nan	nan	nan	nan	nan	nan	nan	0.9399128016534349	0.020513799471813622	nan	nan	nan	nan
0.7053533625659406	nan	nan	nan	nan	nan	nan	nan	nan	nan	nan	nan	nan	nan	nan	0.950130356379752	0.021246519411846517	nan	nan	nan	nan
0.7087089246760686	nan	nan	nan	nan	nan	nan	nan	nan	nan	nan	nan	nan	nan	nan	0.9267657122755133	0.02035347873966393	nan	nan	nan	nan
0.7120808115836194	nan	nan	nan	nan	nan	nan	nan	nan	nan	nan	nan	nan	nan	nan	0.9386290936617271	0.02038716287127619	nan	nan	nan	nan
0.7154691427092019	nan	nan	nan	nan	nan	nan	nan	nan	nan	nan	nan	nan	nan	nan	0.8993158713709958	0.020358320582515018	0.9109109288072149	0.017915220637420987	nan	nan
0.7188740386410698	nan	nan	nan	nan	nan	nan	nan	nan	nan	nan	nan	nan	nan	nan	0.9000203795592906	0.020412012566882003	0.8993453771812504	0.01759491824565042	nan	nan
0.722295621149423	nan	nan	nan	nan	nan	nan	nan	nan	nan	nan	nan	nan	nan	nan	0.8962743173278804	0.02062716896536289	0.9059947760340655	0.01829888462130599	nan	nan
0.7257340132009268	nan	nan	nan	nan	nan	nan	nan	nan	nan	nan	nan	nan	nan	nan	0.9467454016179763	0.022306010800599765	0.9171666909929826	0.01806774663671145	nan	nan
0.7291893389734432	nan	nan	nan	nan	nan	nan	nan	nan	nan	nan	nan	nan	nan	nan	0.9466900542800248	0.02151234211986249	0.904970842506135	0.017926753346203757	nan	nan
0.7326617238709777	nan	nan	nan	nan	nan	nan	nan	nan	nan	nan	nan	nan	nan	nan	0.9303884442598888	0.02172513273354128	0.9105474511723995	0.01871763316762654	nan	nan
0.7361512945388542	nan	nan	nan	nan	nan	nan	nan	nan	nan	nan	nan	nan	nan	nan	0.8941518182061093	0.02131067370070242	0.9105014357719515	0.018161831540234777	nan	nan
0.7396581788791092	nan	nan	nan	nan	nan	nan	nan	nan	nan	nan	nan	nan	nan	nan	0.9021007715395254	0.02153300512165491	0.9118494830340986	0.01798927386253459	nan	nan
0.7431825060661196	nan	nan	nan	nan	nan	nan	nan	nan	nan	nan	nan	nan	nan	nan	0.9250267740457869	0.022037459138320024	0.939474291366477	0.019231656525720685	nan	nan
0.7467244065624649	nan	nan	nan	nan	nan	nan	nan	nan	nan	nan	nan	nan	nan	nan	0.9388959591329785	0.022538230712228904	0.924957619745352	0.019023112207677	nan	nan
0.7502840121350225	nan	nan	nan	nan	nan	nan	nan	nan	nan	nan	nan	nan	nan	nan	0.9256496323970813	0.02287987468769834	0.9331085709645658	0.01916351096091578	nan	nan
0.7538614558713114	nan	nan	nan	nan	nan	nan	nan	nan	nan	nan	nan	nan	nan	nan	0.9869146126343263	0.023478800170411457	0.9127185111972639	0.018677394933450064	nan	nan
0.7574568721960772	nan	nan	nan	nan	nan	nan	nan	nan	nan	nan	nan	nan	nan	nan	0.9350485823941291	0.02230194312045712	0.9277079652693542	0.0192864143846187	nan	nan
0.7610703968881293	nan	nan	nan	nan	nan	nan	nan	nan	nan	nan	nan	nan	nan	nan	0.9365364112819848	0.0233588647605704	0.9431431808187286	0.019598060630567408	nan	nan
0.7647021670974353	nan	nan	nan	nan	nan	nan	nan	nan	nan	nan	nan	nan	nan	nan	0.9382102974325024	0.02313066023792524	0.945989463676529	0.019065923699228514	nan	nan
0.7683523213624701	nan	nan	nan	nan	nan	nan	nan	nan	nan	nan	nan	nan	nan	nan	0.9308519808624988	0.02347277382511028	0.9605343293013192	0.01994467375406222	nan	nan
0.772020999627835	nan	nan	nan	nan	nan	nan	nan	nan	nan	nan	nan	nan	nan	nan	0.9582456623016872	0.024002869670896383	0.9474914512434284	0.01951612642771578	nan	nan
0.7757083432621412	nan	nan	nan	nan	nan	nan	nan	nan	nan	nan	nan	nan	nan	nan	0.9698298581132185	0.025221250132656168	0.9419893055490483	0.019502264621632764	nan	nan
0.779414495076168	nan	nan	nan	nan	nan	nan	nan	nan	nan	nan	nan	nan	nan	nan	0.941666785564951	0.024544702069052838	0.9334537573255984	0.019857548914401345	nan	nan
0.7831395993413027	nan	nan	nan	nan	nan	nan	nan	nan	nan	nan	nan	nan	nan	nan	0.9521017386316899	0.024960098704662533	0.938380607536148	0.019714073165439546	nan	nan
0.7868838018082577	nan	nan	nan	nan	nan	nan	nan	nan	nan	nan	nan	nan	nan	nan	0.9509689953568841	0.024301777553533625	0.9996598965245829	0.02172635153858595	nan	nan
0.7906472497260839	nan	nan	nan	nan	nan	nan	nan	nan	nan	nan	nan	nan	nan	nan	0.9394920118351049	0.025527974946874907	0.9474428484138732	0.019936324653193553	nan	nan
0.7944300918614716	nan	nan	nan	nan	nan	nan	nan	nan	nan	nan	nan	nan	nan	nan	0.9728941066602879	0.02567790580443008	0.9991857214769527	0.02074676297498699	nan	nan
0.7982324785183541	nan	nan	nan	nan	nan	nan	nan	nan	nan	nan	nan	nan	nan	nan	0.9857895086827518	0.026478207224056406	0.9888433335457155	0.020859806789195374	nan	nan
0.8020545615578163	nan	nan	nan	nan	nan	nan	nan	nan	nan	nan	nan	nan	nan	nan	0.9768502899164222	0.026763149152480268	0.9633893875871932	0.02060664094041981	nan	nan
0.8058964944183088	nan	nan	nan	nan	nan	nan	nan	nan	nan	nan	nan	nan	nan	nan	0.9431528924343179	0.02602505564945319	0.9731461742694637	0.021035055897730266	nan	nan
0.8097584321361848	nan	nan	nan	nan	nan	nan	nan	nan	nan	nan	nan	nan	nan	nan	0.9842005068796272	0.027109623548105748	1.0145582837452902	0.021581100049358433	nan	nan
0.8136405313665531	nan	nan	nan	nan	nan	nan	nan	nan	nan	nan	nan	nan	nan	nan	0.9885191064066428	0.02696215946605583	0.9929428244308885	0.021694694725554832	nan	nan
0.8175429504044605	nan	nan	nan	nan	nan	nan	nan	nan	nan	nan	nan	nan	nan	nan	0.9871051724857095	0.028005148147027568	0.9956986349769711	0.02142943092756052	nan	nan
0.8214658492064085	nan	nan	nan	nan	nan	nan	nan	nan	nan	nan	nan	nan	nan	nan	0.9960504985318864	0.027936266344852675	0.9855473219289888	0.021218854005333562	nan	nan
0.8254093894122074	nan	nan	nan	nan	nan	nan	nan	nan	nan	nan	nan	nan	nan	nan	0.863545327422603	0.8133083070372762	0.9754328388520698	0.021518714991957524	nan	nan
0.8293737343671802	nan	nan	nan	nan	nan	nan	nan	nan	nan	nan	nan	nan	nan	nan	nan	nan	1.0021649128877435	0.021877156893924294	nan	nan
0.8333590491447128	nan	nan	nan	nan	nan	nan	nan	nan	nan	nan	nan	nan	nan	nan	nan	nan	0.9880075327517645	0.02165431302104462	nan	nan
0.8373655005691693	nan	nan	nan	nan	nan	nan	nan	nan	nan	nan	nan	nan	nan	nan	nan	nan	1.0014130263814063	0.02239230078859002	nan	nan
0.8413932572391697	nan	nan	nan	nan	nan	nan	nan	nan	nan	nan	nan	nan	nan	nan	nan	nan	1.017267294791792	0.022585202062359973	nan	nan
0.8454424895512384	nan	nan	nan	nan	nan	nan	nan	nan	nan	nan	nan	nan	nan	nan	nan	nan	1.0137738639186349	0.023125185865490238	nan	nan
0.8495133697238368	nan	nan	nan	nan	nan	nan	nan	nan	nan	nan	nan	nan	nan	nan	nan	nan	1.0352016799014325	0.023927939899381183	nan	nan
0.8536060718217777	nan	nan	nan	nan	nan	nan	nan	nan	nan	nan	nan	nan	nan	nan	nan	nan	1.0239964629901384	0.02274091269241502	nan	nan
0.8577207717810349	nan	nan	nan	nan	nan	nan	nan	nan	nan	nan	nan	nan	nan	nan	nan	nan	1.037053745202993	0.022911244785223266	nan	nan
0.8618576474339561	nan	nan	nan	nan	nan	nan	nan	nan	nan	nan	nan	nan	nan	nan	nan	nan	1.027779032553745	0.02364041379664256	nan	nan
0.8660168785348795	nan	nan	nan	nan	nan	nan	nan	nan	nan	nan	nan	nan	nan	nan	nan	nan	1.04500246988896	0.023516860382382158	nan	nan
0.870198646786174	nan	nan	nan	nan	nan	nan	nan	nan	nan	nan	nan	nan	nan	nan	nan	nan	1.0786933823457463	0.023776360675334025	nan	nan
0.8744031358646964	nan	nan	nan	nan	nan	nan	nan	nan	nan	nan	nan	nan	nan	nan	nan	nan	1.0953646738760678	0.025397892083358346	nan	nan
0.8786305314486855	nan	nan	nan	nan	nan	nan	nan	nan	nan	nan	nan	nan	nan	nan	nan	nan	1.086718299165447	0.02520204568313522	nan	nan
0.8828810212450984	nan	nan	nan	nan	nan	nan	nan	nan	nan	nan	nan	nan	nan	nan	nan	nan	1.078736469721275	0.02509012740784869	nan	nan
0.8871547950173878	nan	nan	nan	nan	nan	nan	nan	nan	nan	nan	nan	nan	nan	nan	nan	nan	1.1432410727578048	0.027231425162905887	nan	nan
0.8914520446137496	nan	nan	nan	nan	nan	nan	nan	nan	nan	nan	nan	nan	nan	nan	nan	nan	1.1361208939025187	0.02663295174413699	nan	nan
0.8957729639958251	nan	nan	nan	nan	nan	nan	nan	nan	nan	nan	nan	nan	nan	nan	nan	nan	1.135889991672211	0.027627409563936788	nan	nan
0.9001177492678871	nan	nan	nan	nan	nan	nan	nan	nan	nan	nan	nan	nan	nan	nan	nan	nan	1.1607565326266716	0.02865258775457013	nan	nan
0.9044865987065075	nan	nan	nan	nan	nan	nan	nan	nan	nan	nan	nan	nan	nan	nan	nan	nan	1.1998555721454103	0.028792054156256464	nan	nan
0.9088797127907182	nan	nan	nan	nan	nan	nan	nan	nan	nan	nan	nan	nan	nan	nan	nan	nan	1.180901136837713	0.028957964966807928	nan	nan
0.9132972942326805	nan	nan	nan	nan	nan	nan	nan	nan	nan	nan	nan	nan	nan	nan	nan	nan	1.2385418527574827	0.030303864254117602	nan	nan
0.9177395480088621	nan	nan	nan	nan	nan	nan	nan	nan	nan	nan	nan	nan	nan	nan	nan	nan	1.2160485966675685	0.030462989751301652	nan	nan
0.9222066813917427	nan	nan	nan	nan	nan	nan	nan	nan	nan	nan	nan	nan	nan	nan	nan	nan	1.2463925787044121	0.03195241094333861	1.239000877130586	0.028224888317729013
0.9266989039820537	nan	nan	nan	nan	nan	nan	nan	nan	nan	nan	nan	nan	nan	nan	nan	nan	1.324462266509254	0.032870374627546814	1.297652666885895	0.03289453600315434
0.9312164277415578	nan	nan	nan	nan	nan	nan	nan	nan	nan	nan	nan	nan	nan	nan	nan	nan	1.251399146087757	0.03083745209203663	1.3205503817353519	0.034957955698179874
0.9357594670263908	nan	nan	nan	nan	nan	nan	nan	nan	nan	nan	nan	nan	nan	nan	nan	nan	1.2861642291521658	0.03323447331363936	1.3436996267508283	0.034918647848541734
0.9403282386209655	nan	nan	nan	nan	nan	nan	nan	nan	nan	nan	nan	nan	nan	nan	nan	nan	1.3630908818887322	0.03433542787540435	1.3397092058797433	0.03564401364710986
0.9449229617724528	nan	nan	nan	nan	nan	nan	nan	nan	nan	nan	nan	nan	nan	nan	nan	nan	1.2969213227495395	0.03420811732056504	1.3172024075961504	0.035269419450970785
0.9495438582258579	nan	nan	nan	nan	nan	nan	nan	nan	nan	nan	nan	nan	nan	nan	nan	nan	1.3298589886987975	0.035461639833707446	1.3593228322046942	0.03739709995174491
0.9541911522596872	nan	nan	nan	nan	nan	nan	nan	nan	nan	nan	nan	nan	nan	nan	nan	nan	1.3947876037209148	0.037497010021762395	1.3083438580424267	0.036232758678392867
0.9588650707222411	nan	nan	nan	nan	nan	nan	nan	nan	nan	nan	nan	nan	nan	nan	nan	nan	1.342074330979689	0.037193303054695294	1.3263661389119712	0.03654382852375857
0.9635658430685217	nan	nan	nan	nan	nan	nan	nan	nan	nan	nan	nan	nan	nan	nan	nan	nan	1.2600381277571813	0.03463863703152539	1.3199611086609575	0.03690789376161789
0.9682937013977817	nan	nan	nan	nan	nan	nan	nan	nan	nan	nan	nan	nan	nan	nan	nan	nan	1.3092193609703204	0.035867508595598056	1.3080739245115522	0.037646119368202786
0.9730488804917309	nan	nan	nan	nan	nan	nan	nan	nan	nan	nan	nan	nan	nan	nan	nan	nan	1.2649170045657134	0.034566798144147134	1.2921836818516572	0.03765250510287414
