0.18141344272362706	1.2931513253697702	0.032998264256051436	nan	nan	nan	nan	nan	nan	nan	nan	nan	nan	nan	nan	nan	nan	nan	nan	nan	nan
0.1827067528060567	1.26886854542915	0.030717945655076333	nan	nan	nan	nan	nan	nan	nan	nan	nan	nan	nan	nan	nan	nan	nan	nan	nan	nan
0.18400396368801109	1.2654470358285128	0.030879834761822902	nan	nan	nan	nan	nan	nan	nan	nan	nan	nan	nan	nan	nan	nan	nan	nan	nan	nan
0.18530509304415949	1.2542451632486442	0.03041598594697134	nan	nan	nan	nan	nan	nan	nan	nan	nan	nan	nan	nan	nan	nan	nan	nan	nan	nan
0.18661015865611238	1.2584705870101398	0.030107310974417854	nan	nan	nan	nan	nan	nan	nan	nan	nan	nan	nan	nan	nan	nan	nan	nan	nan	nan
0.18791917841323097	1.2528348265330993	0.030591843258040773	nan	nan	nan	nan	nan	nan	nan	nan	nan	nan	nan	nan	nan	nan	nan	nan	nan	nan
0.18923217031344505	1.2429255649342725	0.030171243088780327	nan	nan	nan	nan	nan	nan	nan	nan	nan	nan	nan	nan	nan	nan	nan	nan	nan	nan
0.19054915246407772	1.2258490540532319	0.029523636871451042	nan	nan	nan	nan	nan	nan	nan	nan	nan	nan	nan	nan	nan	nan	nan	nan	nan	nan
0.19187014308267752	1.226039804796349	0.030274334274265378	nan	nan	nan	nan	nan	nan	nan	nan	nan	nan	nan	nan	nan	nan	nan	nan	nan	nan
0.193195160497859	1.2385939074487249	0.029625123285334065	nan	nan	nan	nan	nan	nan	nan	nan	nan	nan	nan	nan	nan	nan	nan	nan	nan	nan
0.19452422315014986	1.2142002745419052	0.029441222324545227	nan	nan	nan	nan	nan	nan	nan	nan	nan	nan	nan	nan	nan	nan	nan	nan	nan	nan
0.1958573495928467	1.2114746014507651	0.02940055223492686	nan	nan	nan	nan	nan	nan	nan	nan	nan	nan	nan	nan	nan	nan	nan	nan	nan	nan
0.19719455849287848	1.2642473874725093	0.02998965743062301	nan	nan	nan	nan	nan	nan	nan	nan	nan	nan	nan	nan	nan	nan	nan	nan	nan	nan
0.19853586863167733	1.2632044708419012	0.029598694147632165	nan	nan	nan	nan	nan	nan	nan	nan	nan	nan	nan	nan	nan	nan	nan	nan	nan	nan
0.19988129890605852	1.2240646127541952	0.029245657947483735	nan	nan	nan	nan	nan	nan	nan	nan	nan	nan	nan	nan	nan	nan	nan	nan	nan	nan
0.20123086832910717	1.2303738585766824	0.029554427148590863	nan	nan	nan	nan	nan	nan	nan	nan	nan	nan	nan	nan	nan	nan	nan	nan	nan	nan
0.20258459603107448	1.2402927571724336	0.02965536848929034	nan	nan	nan	nan	nan	nan	nan	nan	nan	nan	nan	nan	nan	nan	nan	nan	nan	nan
0.20394250126028132	1.2024511456865465	0.028604021753812204	nan	nan	nan	nan	nan	nan	nan	nan	nan	nan	nan	nan	nan	nan	nan	nan	nan	nan
0.20530460338403056	1.228799427337799	0.029069310636029994	nan	nan	nan	nan	nan	nan	nan	nan	nan	nan	nan	nan	nan	nan	nan	nan	nan	nan
0.20667092188952807	1.2494649119312948	0.02991477450848856	nan	nan	nan	nan	nan	nan	nan	nan	nan	nan	nan	nan	nan	nan	nan	nan	nan	nan
0.2080414763848116	1.1915688017163883	0.028826418973913744	nan	nan	nan	nan	nan	nan	nan	nan	nan	nan	nan	nan	nan	nan	nan	nan	nan	nan
0.20941628659968922	1.1965052648656105	0.02835834644197206	1.1998335792189065	0.022047618337802558	nan	nan	nan	nan	nan	nan	nan	nan	nan	nan	nan	nan	nan	nan	nan	nan
0.21079537238668591	1.1878765445417045	0.028465839377465517	1.179928456692716	0.021847025370589888	nan	nan	nan	nan	nan	nan	nan	nan	nan	nan	nan	nan	nan	nan	nan	nan
0.2121787537219991	1.2313187089265778	0.029254981766969872	1.2078715207143444	0.02222921539301517	nan	nan	nan	nan	nan	nan	nan	nan	nan	nan	nan	nan	nan	nan	nan	nan
0.21356645070646307	1.2210937693409774	0.029051460923480526	1.1972002900725056	0.022007090075215553	nan	nan	nan	nan	nan	nan	nan	nan	nan	nan	nan	nan	nan	nan	nan	nan
0.214958483566523	1.2078915380732778	0.02930059441801688	1.2011928763862358	0.02187145152290828	nan	nan	nan	nan	nan	nan	nan	nan	nan	nan	nan	nan	nan	nan	nan	nan
0.2163548726552171	1.1800940216659122	0.028406384741164584	1.1953561635922634	0.021906318282597256	nan	nan	nan	nan	nan	nan	nan	nan	nan	nan	nan	nan	nan	nan	nan	nan
0.21775563845316898	1.22480698083859	0.029610590655320585	1.178682349513116	0.021812051551974014	nan	nan	nan	nan	nan	nan	nan	nan	nan	nan	nan	nan	nan	nan	nan	nan
0.2191608015695888	1.1984189181169762	0.029255539673753744	1.2165511512109852	0.022093247963091204	nan	nan	nan	nan	nan	nan	nan	nan	nan	nan	nan	nan	nan	nan	nan	nan
0.2205703827432839	1.1818307584431091	0.028608787261131342	1.1739556170537533	0.021433515948240073	nan	nan	nan	nan	nan	nan	nan	nan	nan	nan	nan	nan	nan	nan	nan	nan
0.22198440284367937	1.1791336680922317	0.02889677365880529	1.1359166275424781	0.021138954251105874	nan	nan	nan	nan	nan	nan	nan	nan	nan	nan	nan	nan	nan	nan	nan	nan
0.22340288287184776	1.1575452432719031	0.07683129767467789	1.2254972746739705	0.022398605306107124	nan	nan	nan	nan	nan	nan	nan	nan	nan	nan	nan	nan	nan	nan	nan	nan
0.22482584396154875	nan	nan	1.1941565993986762	0.021373365951593316	nan	nan	nan	nan	nan	nan	nan	nan	nan	nan	nan	nan	nan	nan	nan	nan
0.22625330738027907	nan	nan	1.1885473797494155	0.021870737269583652	nan	nan	nan	nan	nan	nan	nan	nan	nan	nan	nan	nan	nan	nan	nan	nan
0.2276852945303316	nan	nan	1.2259091776451325	0.021847710917036096	nan	nan	nan	nan	nan	nan	nan	nan	nan	nan	nan	nan	nan	nan	nan	nan
0.22912182694986538	nan	nan	1.1631868945095114	0.02085177030700567	nan	nan	nan	nan	nan	nan	nan	nan	nan	nan	nan	nan	nan	nan	nan	nan
0.23056292631398514	nan	nan	1.1683486840381785	0.020792793282226454	nan	nan	nan	nan	nan	nan	nan	nan	nan	nan	nan	nan	nan	nan	nan	nan
0.23200861443583173	nan	nan	1.181599021583497	0.021229207111881726	nan	nan	nan	nan	nan	nan	nan	nan	nan	nan	nan	nan	nan	nan	nan	nan
0.23345891326768264	nan	nan	1.1415266605832464	0.020697610718909416	nan	nan	nan	nan	nan	nan	nan	nan	nan	nan	nan	nan	nan	nan	nan	nan
0.23491384490206305	nan	nan	1.1835851336312926	0.021390807688868817	nan	nan	nan	nan	nan	nan	nan	nan	nan	nan	nan	nan	nan	nan	nan	nan
0.23637343157286764	nan	nan	1.1776523123275733	0.020909947982432776	nan	nan	nan	nan	nan	nan	nan	nan	nan	nan	nan	nan	nan	nan	nan	nan
0.2378376956564933	nan	nan	1.1646591525781067	0.02049735666916073	nan	nan	nan	nan	nan	nan	nan	nan	nan	nan	nan	nan	nan	nan	nan	nan
0.23930665967298237	nan	nan	1.169286154754404	0.02097091988273695	nan	nan	nan	nan	nan	nan	nan	nan	nan	nan	nan	nan	nan	nan	nan	nan
0.2407803462871776	nan	nan	1.1784461823162187	0.021365925334738054	nan	nan	nan	nan	nan	nan	nan	nan	nan	nan	nan	nan	nan	nan	nan	nan
0.2422587783098874	nan	nan	1.1415872591559462	0.02042543998969837	nan	nan	nan	nan	nan	nan	nan	nan	nan	nan	nan	nan	nan	nan	nan	nan
0.24374197869906297	nan	nan	1.167827942250387	0.020932453443763842	nan	nan	nan	nan	nan	nan	nan	nan	nan	nan	nan	nan	nan	nan	nan	nan
0.24522997056098667	nan	nan	1.149268749858077	0.02085852814091071	1.1284996814547774	0.019058940442613536	nan	nan	nan	nan	nan	nan	nan	nan	nan	nan	nan	nan	nan	nan
0.2467227771514718	nan	nan	1.1769402804264488	0.021054894785633087	1.1440012009415261	0.021396861126679406	nan	nan	nan	nan	nan	nan	nan	nan	nan	nan	nan	nan	nan	nan
0.24822042187707435	nan	nan	1.1802131297485927	0.021006464802172747	1.1524499309294987	0.021444305011996536	nan	nan	nan	nan	nan	nan	nan	nan	nan	nan	nan	nan	nan	nan
0.2497229282963163	nan	nan	1.1743294866153258	0.02121364864959242	1.1412175019492268	0.021654331179599355	nan	nan	nan	nan	nan	nan	nan	nan	nan	nan	nan	nan	nan	nan
0.2512303201209208	nan	nan	1.1372557245944026	0.020628781245806187	1.1600063137146532	0.02174229323297244	nan	nan	nan	nan	nan	nan	nan	nan	nan	nan	nan	nan	nan	nan
0.2527426212170595	nan	nan	1.1321229263042538	0.02023671651224064	1.1470693044396054	0.021672291075983136	nan	nan	nan	nan	nan	nan	nan	nan	nan	nan	nan	nan	nan	nan
0.25425985560661246	nan	nan	1.1324079111587562	0.020241975400496565	1.1465791530994718	0.021567000323897578	nan	nan	nan	nan	nan	nan	nan	nan	nan	nan	nan	nan	nan	nan
0.2557820474684398	nan	nan	1.1211739988627916	0.020477802396427054	1.1446956113741449	0.021389446227641135	nan	nan	nan	nan	nan	nan	nan	nan	nan	nan	nan	nan	nan	nan
0.257309221139666	nan	nan	1.1309457278609796	0.020392113504736832	1.113823646763918	0.02088484513234185	nan	nan	nan	nan	nan	nan	nan	nan	nan	nan	nan	nan	nan	nan
0.2588414011169772	nan	nan	1.1667480119392033	0.021196069650752932	1.1213219975979818	0.021358513609723025	nan	nan	nan	nan	nan	nan	nan	nan	nan	nan	nan	nan	nan	nan
0.26037861205793084	nan	nan	1.14821811488271	0.05637574351743712	1.139064678794663	0.021562959400191855	nan	nan	nan	nan	nan	nan	nan	nan	nan	nan	nan	nan	nan	nan
0.26192087878227843	nan	nan	nan	nan	1.1262210228391787	0.020924274865549278	nan	nan	nan	nan	nan	nan	nan	nan	nan	nan	nan	nan	nan	nan
0.2634682262733016	nan	nan	nan	nan	1.1526216394882745	0.021369908775720734	nan	nan	nan	nan	nan	nan	nan	nan	nan	nan	nan	nan	nan	nan
0.26502067967916065	nan	nan	nan	nan	1.1164180939422694	0.020939248570595696	nan	nan	nan	nan	nan	nan	nan	nan	nan	nan	nan	nan	nan	nan
0.2665782643142574	nan	nan	nan	nan	1.1437537644591516	0.021209679086922468	nan	nan	nan	nan	nan	nan	nan	nan	nan	nan	nan	nan	nan	nan
0.2681410056606109	nan	nan	nan	nan	1.1192144592159337	0.020677117889557953	nan	nan	nan	nan	nan	nan	nan	nan	nan	nan	nan	nan	nan	nan
0.26970892936924706	nan	nan	nan	nan	1.1071483055164206	0.020500469811177546	nan	nan	nan	nan	nan	nan	nan	nan	nan	nan	nan	nan	nan	nan
0.27128206126160237	nan	nan	nan	nan	1.1206733557203705	0.021033652186357617	nan	nan	nan	nan	nan	nan	nan	nan	nan	nan	nan	nan	nan	nan
0.272860427330941	nan	nan	nan	nan	1.1352521224379133	0.021110385131930774	nan	nan	nan	nan	nan	nan	nan	nan	nan	nan	nan	nan	nan	nan
0.27444405374378694	nan	nan	nan	nan	1.1222891164250905	0.020769239299710023	nan	nan	nan	nan	nan	nan	nan	nan	nan	nan	nan	nan	nan	nan
0.27603296684136946	nan	nan	nan	nan	1.1427342333033552	0.021202536074151436	nan	nan	nan	nan	nan	nan	nan	nan	nan	nan	nan	nan	nan	nan
0.27762719314108397	nan	nan	nan	nan	1.1083043463885351	0.020431319489058568	nan	nan	nan	nan	nan	nan	nan	nan	nan	nan	nan	nan	nan	nan
0.27922675933796715	nan	nan	nan	nan	1.1011351115980175	0.02004202918977457	nan	nan	nan	nan	nan	nan	nan	nan	nan	nan	nan	nan	nan	nan
0.280831692306187	nan	nan	nan	nan	1.1228122632105402	0.020934091714198296	nan	nan	nan	nan	nan	nan	nan	nan	nan	nan	nan	nan	nan	nan
0.2824420191005478	nan	nan	nan	nan	1.140631965839591	0.02124237282148124	nan	nan	nan	nan	nan	nan	nan	nan	nan	nan	nan	nan	nan	nan
0.28405776695801016	nan	nan	nan	nan	1.096987347839353	0.020419532401201302	nan	nan	nan	nan	nan	nan	nan	nan	nan	nan	nan	nan	nan	nan
0.28567896329922726	nan	nan	nan	nan	1.0928547722634425	0.02026650113022726	1.044362867922992	0.01764152024928529	nan	nan	nan	nan	nan	nan	nan	nan	nan	nan	nan	nan
0.28730563573009554	nan	nan	nan	nan	1.1322175549183284	0.0213201469968493	1.0658792811663782	0.019253741890738297	nan	nan	nan	nan	nan	nan	nan	nan	nan	nan	nan	nan
0.2889378120433217	nan	nan	nan	nan	1.1263758632175216	0.02066865481787782	1.037073138100798	0.018751576247907676	nan	nan	nan	nan	nan	nan	nan	nan	nan	nan	nan	nan
0.29057552022000566	nan	nan	nan	nan	1.11610727519461	0.020841019180827317	1.057278648420517	0.019392390917887227	nan	nan	nan	nan	nan	nan	nan	nan	nan	nan	nan	nan
0.2922187884312396	nan	nan	nan	nan	1.0958696066006768	0.020299286141195926	1.0441095204383637	0.0188608381638534	nan	nan	nan	nan	nan	nan	nan	nan	nan	nan	nan	nan
0.293867645039723	nan	nan	nan	nan	1.110914811321819	0.020975981737480928	1.075367187690536	0.019227244144082372	nan	nan	nan	nan	nan	nan	nan	nan	nan	nan	nan	nan
0.29552211860139493	nan	nan	nan	nan	1.0745873398806598	0.02045883145084319	1.0715084271315387	0.019540793157560438	nan	nan	nan	nan	nan	nan	nan	nan	nan	nan	nan	nan
0.29718223786708214	nan	nan	nan	nan	1.0983624125369422	0.020427693059836334	1.0372798586244723	0.018946627796820954	nan	nan	nan	nan	nan	nan	nan	nan	nan	nan	nan	nan
0.2988480317841647	nan	nan	nan	nan	1.0760724045989112	0.020217983489745132	1.0682397208582952	0.01939690095955983	nan	nan	nan	nan	nan	nan	nan	nan	nan	nan	nan	nan
0.30051952949825816	nan	nan	nan	nan	1.0685007824178088	0.02041666854730152	1.0708104158480753	0.01940632953485903	nan	nan	nan	nan	nan	nan	nan	nan	nan	nan	nan	nan
0.3021967603549143	nan	nan	nan	nan	1.0964851241411833	0.020621746494696367	1.0450384312966619	0.01886663633042419	nan	nan	nan	nan	nan	nan	nan	nan	nan	nan	nan	nan
0.3038797539013372	nan	nan	nan	nan	1.1028727179775122	0.020763134672941563	1.012301718397787	0.018678032619186474	nan	nan	nan	nan	nan	nan	nan	nan	nan	nan	nan	nan
0.3055685398881195	nan	nan	nan	nan	1.1030896245354977	0.027835785013154257	1.052945557866393	0.019183124588127508	nan	nan	nan	nan	nan	nan	nan	nan	nan	nan	nan	nan
0.30726314827099493	nan	nan	nan	nan	nan	nan	1.0505015109564055	0.01879633831648161	nan	nan	nan	nan	nan	nan	nan	nan	nan	nan	nan	nan
0.3089636092126092	nan	nan	nan	nan	nan	nan	1.0633177814545118	0.01909884538007863	nan	nan	nan	nan	nan	nan	nan	nan	nan	nan	nan	nan
0.31066995308431045	nan	nan	nan	nan	nan	nan	1.0491853645161628	0.019147364631958767	nan	nan	nan	nan	nan	nan	nan	nan	nan	nan	nan	nan
0.31238221046795667	nan	nan	nan	nan	nan	nan	1.044846113917763	0.018791199904693436	nan	nan	nan	nan	nan	nan	nan	nan	nan	nan	nan	nan
0.31410041215774287	nan	nan	nan	nan	nan	nan	1.0354837159632422	0.018525444847884556	nan	nan	nan	nan	nan	nan	nan	nan	nan	nan	nan	nan
0.3158245891620476	nan	nan	nan	nan	nan	nan	1.0131391176914866	0.018609938810287188	nan	nan	nan	nan	nan	nan	nan	nan	nan	nan	nan	nan
0.31755477270529764	nan	nan	nan	nan	nan	nan	1.0178724844098443	0.018488433295400685	nan	nan	nan	nan	nan	nan	nan	nan	nan	nan	nan	nan
0.31929099422985396	nan	nan	nan	nan	nan	nan	1.034402303169005	0.018761104720676595	nan	nan	nan	nan	nan	nan	nan	nan	nan	nan	nan	nan
0.321033285397915	nan	nan	nan	nan	nan	nan	1.024852986314411	0.01873813648004321	nan	nan	nan	nan	nan	nan	nan	nan	nan	nan	nan	nan
0.32278167809344255	nan	nan	nan	nan	nan	nan	1.0531634145796707	0.018823012291278158	nan	nan	nan	nan	nan	nan	nan	nan	nan	nan	nan	nan
0.3245362044241062	nan	nan	nan	nan	nan	nan	1.0425579657278734	0.018982366967554325	nan	nan	nan	nan	nan	nan	nan	nan	nan	nan	nan	nan
0.3262968967232487	nan	nan	nan	nan	nan	nan	1.0097945864901083	0.018007470535261513	nan	nan	nan	nan	nan	nan	nan	nan	nan	nan	nan	nan
0.3280637875518724	nan	nan	nan	nan	nan	nan	1.0403854140339548	0.018570622479766492	nan	nan	nan	nan	nan	nan	nan	nan	nan	nan	nan	nan
0.32983690970064644	nan	nan	nan	nan	nan	nan	1.0280634605806003	0.018374444434858663	nan	nan	nan	nan	nan	nan	nan	nan	nan	nan	nan	nan
0.3316162961919351	nan	nan	nan	nan	nan	nan	1.0544526927505449	0.019011298006769716	nan	nan	nan	nan	nan	nan	nan	nan	nan	nan	nan	nan
0.33340198028184803	nan	nan	nan	nan	nan	nan	1.0283587377021002	0.01882361292944216	nan	nan	nan	nan	nan	nan	nan	nan	nan	nan	nan	nan
0.33519399546231204	nan	nan	nan	nan	nan	nan	1.023664678513521	0.018781380451210118	nan	nan	nan	nan	nan	nan	nan	nan	nan	nan	nan	nan
0.3369923754631648	nan	nan	nan	nan	nan	nan	1.021357835601286	0.01852267604997912	1.057239579487309	0.013492293008890335	nan	nan	nan	nan	nan	nan	nan	nan	nan	nan
0.3387971542542715	nan	nan	nan	nan	nan	nan	0.9897605117042281	0.018207532946662115	1.019983476758196	0.01718497212633933	nan	nan	nan	nan	nan	nan	nan	nan	nan	nan
0.3406083660476632	nan	nan	nan	nan	nan	nan	1.0145096841048344	0.01816313512296146	1.0156325461596643	0.016870223252000792	nan	nan	nan	nan	nan	nan	nan	nan	nan	nan
0.34242604529969956	nan	nan	nan	nan	nan	nan	1.0101750329134354	0.018440687394172914	1.0010108183256676	0.016586051988721106	nan	nan	nan	nan	nan	nan	nan	nan	nan	nan
0.3442502267132527	nan	nan	nan	nan	nan	nan	1.0433109815962187	0.018931939124214817	1.0034888081759987	0.017038415912599025	nan	nan	nan	nan	nan	nan	nan	nan	nan	nan
0.34608094523991667	nan	nan	nan	nan	nan	nan	1.0126657041604898	0.018547795244534024	1.0308297968181905	0.01703394323302484	nan	nan	nan	nan	nan	nan	nan	nan	nan	nan
0.347918236082239	nan	nan	nan	nan	nan	nan	0.9555352016873984	0.018124103057243705	1.0160269998676446	0.016966334733039587	nan	nan	nan	nan	nan	nan	nan	nan	nan	nan
0.3497621346959778	nan	nan	nan	nan	nan	nan	1.001413428362228	0.018274434632415723	1.0142195574528408	0.01711225834124098	nan	nan	nan	nan	nan	nan	nan	nan	nan	nan
0.35161267679238184	nan	nan	nan	nan	nan	nan	1.00270740725936	0.01860678653604468	0.9795107914629333	0.01651660568001003	nan	nan	nan	nan	nan	nan	nan	nan	nan	nan
0.35346989834049636	nan	nan	nan	nan	nan	nan	1.0075790329826793	0.018431105513416986	1.0324109345952683	0.017415700601504054	nan	nan	nan	nan	nan	nan	nan	nan	nan	nan
0.3553338355694936	nan	nan	nan	nan	nan	nan	1.0038928293140497	0.01899401517159883	1.0284734611809634	0.01706786107726653	nan	nan	nan	nan	nan	nan	nan	nan	nan	nan
0.3572045249710284	nan	nan	nan	nan	nan	nan	1.035892811712511	0.019001334668933632	0.9913725801929739	0.01660574572094007	nan	nan	nan	nan	nan	nan	nan	nan	nan	nan
0.35908200330161977	nan	nan	nan	nan	nan	nan	1.0005723620657792	0.018538205142033398	0.9824075756450886	0.016710883839151824	nan	nan	nan	nan	nan	nan	nan	nan	nan	nan
0.3609663075850582	nan	nan	nan	nan	nan	nan	0.9909087533072045	0.022348530977853987	0.9898311062773941	0.016977275127577095	nan	nan	nan	nan	nan	nan	nan	nan	nan	nan
0.3628574751148396	nan	nan	nan	nan	nan	nan	nan	nan	1.017060444132487	0.017235128175206966	nan	nan	nan	nan	nan	nan	nan	nan	nan	nan
0.36475554345662525	nan	nan	nan	nan	nan	nan	nan	nan	1.0158096005838537	0.016650885999374997	nan	nan	nan	nan	nan	nan	nan	nan	nan	nan
0.3666605504507296	nan	nan	nan	nan	nan	nan	nan	nan	1.0123858483364316	0.016846380027261975	nan	nan	nan	nan	nan	nan	nan	nan	nan	nan
0.36857253421463476	nan	nan	nan	nan	nan	nan	nan	nan	1.0093514113021709	0.016801400226787087	nan	nan	nan	nan	nan	nan	nan	nan	nan	nan
0.37049153314553285	nan	nan	nan	nan	nan	nan	nan	nan	1.0164030279212855	0.016865105983855627	nan	nan	nan	nan	nan	nan	nan	nan	nan	nan
0.3724175859228962	nan	nan	nan	nan	nan	nan	nan	nan	0.9916218066313388	0.016490524682062958	nan	nan	nan	nan	nan	nan	nan	nan	nan	nan
0.37435073151107656	nan	nan	nan	nan	nan	nan	nan	nan	0.9937061429329628	0.016525275669007255	nan	nan	nan	nan	nan	nan	nan	nan	nan	nan
0.3762910091619324	nan	nan	nan	nan	nan	nan	nan	nan	0.99920863860354	0.01654359719603106	nan	nan	nan	nan	nan	nan	nan	nan	nan	nan
0.3782384584174855	nan	nan	nan	nan	nan	nan	nan	nan	0.9859331506444621	0.01664580468900309	nan	nan	nan	nan	nan	nan	nan	nan	nan	nan
0.3801931191126075	nan	nan	nan	nan	nan	nan	nan	nan	0.9951669725471368	0.016433771341986588	nan	nan	nan	nan	nan	nan	nan	nan	nan	nan
0.38215503137773554	nan	nan	nan	nan	nan	nan	nan	nan	0.9785438679358182	0.016557153278674033	nan	nan	nan	nan	nan	nan	nan	nan	nan	nan
0.38412423564161885	nan	nan	nan	nan	nan	nan	nan	nan	0.9870085923682761	0.016460069327689238	nan	nan	nan	nan	nan	nan	nan	nan	nan	nan
0.38610077263409603	nan	nan	nan	nan	nan	nan	nan	nan	0.9924252137925228	0.016657057732678195	nan	nan	nan	nan	nan	nan	nan	nan	nan	nan
0.3880846833889029	nan	nan	nan	nan	nan	nan	nan	nan	0.9871481288996691	0.016068542392393265	nan	nan	nan	nan	nan	nan	nan	nan	nan	nan
0.3900760092465123	nan	nan	nan	nan	nan	nan	nan	nan	0.974714828500304	0.01624786846884234	nan	nan	nan	nan	nan	nan	nan	nan	nan	nan
0.3920747918570055	nan	nan	nan	nan	nan	nan	nan	nan	0.9724509656575214	0.01623346175943753	nan	nan	nan	nan	nan	nan	nan	nan	nan	nan
0.39408107318297597	nan	nan	nan	nan	nan	nan	nan	nan	0.9857098262763522	0.016534882224483006	nan	nan	nan	nan	nan	nan	nan	nan	nan	nan
0.3960948955024664	nan	nan	nan	nan	nan	nan	nan	nan	0.9902187245267875	0.01677998349152348	nan	nan	nan	nan	nan	nan	nan	nan	nan	nan
0.39811630141193793	nan	nan	nan	nan	nan	nan	nan	nan	0.9662679142665458	0.016390070095222406	nan	nan	nan	nan	nan	nan	nan	nan	nan	nan
0.400145333829274	nan	nan	nan	nan	nan	nan	nan	nan	0.974186231403981	0.016349182227137375	nan	nan	nan	nan	nan	nan	nan	nan	nan	nan
0.4021820359968173	nan	nan	nan	nan	nan	nan	nan	nan	0.9856137717743485	0.016374901179841694	0.9927164700169668	0.013630971160275547	nan	nan	nan	nan	nan	nan	nan	nan
0.40422645148444214	nan	nan	nan	nan	nan	nan	nan	nan	0.9656766586933233	0.0165930621461724	0.9695644649470013	0.017235775063160975	nan	nan	nan	nan	nan	nan	nan	nan
0.40627862419266125	nan	nan	nan	nan	nan	nan	nan	nan	0.966753585548167	0.016000242591537112	0.9731356987390105	0.017028377511386673	nan	nan	nan	nan	nan	nan	nan	nan
0.40833859835576813	nan	nan	nan	nan	nan	nan	nan	nan	0.9871428608471271	0.0167697646388895	0.9590518879567603	0.016814213457922732	nan	nan	nan	nan	nan	nan	nan	nan
0.4104064185450153	nan	nan	nan	nan	nan	nan	nan	nan	1.0113021519764966	0.01674384230951128	0.9830810692084646	0.01773338710287095	nan	nan	nan	nan	nan	nan	nan	nan
0.41248212967182873	nan	nan	nan	nan	nan	nan	nan	nan	0.9804971501730946	0.01668120084282525	0.9916350313347988	0.0174162259342985	nan	nan	nan	nan	nan	nan	nan	nan
0.4145657769910597	nan	nan	nan	nan	nan	nan	nan	nan	0.973806952907812	0.017001540019295425	0.9635536382862022	0.01687130293726548	nan	nan	nan	nan	nan	nan	nan	nan
0.41665740610427343	nan	nan	nan	nan	nan	nan	nan	nan	0.9474776408480606	0.016356996354214594	1.0019584172212312	0.018113598799233927	nan	nan	nan	nan	nan	nan	nan	nan
0.4187570629630764	nan	nan	nan	nan	nan	nan	nan	nan	0.9770460246636153	0.016297430863106917	0.9829229881448749	0.01755672350450578	nan	nan	nan	nan	nan	nan	nan	nan
0.4208647938724801	nan	nan	nan	nan	nan	nan	nan	nan	0.9527982221413198	0.016341496608672366	0.9393696283103448	0.016841060325559324	nan	nan	nan	nan	nan	nan	nan	nan
0.422980645494307	nan	nan	nan	nan	nan	nan	nan	nan	0.9684611894843334	0.01673083069638704	0.9738874256452432	0.017509639648047807	nan	nan	nan	nan	nan	nan	nan	nan
0.42510466485063253	nan	nan	nan	nan	nan	nan	nan	nan	0.947563470511683	0.01645974111872175	0.998759188145621	0.017689550453714686	nan	nan	nan	nan	nan	nan	nan	nan
0.42723689932726844	nan	nan	nan	nan	nan	nan	nan	nan	0.9648705591096279	0.01669881849559041	0.9490191466678883	0.01679263227041373	nan	nan	nan	nan	nan	nan	nan	nan
0.4293773966772883	nan	nan	nan	nan	nan	nan	nan	nan	0.9735626498117426	0.016703445425685814	0.966924147541493	0.0172385071300868	nan	nan	nan	nan	nan	nan	nan	nan
0.43152620502459005	nan	nan	nan	nan	nan	nan	nan	nan	0.958912481346229	0.016778592080881432	0.952788689457192	0.01719939609709113	nan	nan	nan	nan	nan	nan	nan	nan
0.43368337286750464	nan	nan	nan	nan	nan	nan	nan	nan	0.9660848296973659	0.06424827358084763	0.9983561109203559	0.018109604562233816	nan	nan	nan	nan	nan	nan	nan	nan
0.4358489490824442	nan	nan	nan	nan	nan	nan	nan	nan	nan	nan	0.982142906904466	0.01737165717870414	nan	nan	nan	nan	nan	nan	nan	nan
0.4380229829275921	nan	nan	nan	nan	nan	nan	nan	nan	nan	nan	0.982757876234733	0.017391533753213555	nan	nan	nan	nan	nan	nan	nan	nan
0.4402055240466404	nan	nan	nan	nan	nan	nan	nan	nan	nan	nan	0.9537207340286431	0.01707129546748666	nan	nan	nan	nan	nan	nan	nan	nan
0.44239662247256567	nan	nan	nan	nan	nan	nan	nan	nan	nan	nan	0.9666383185696584	0.017280969858710575	nan	nan	nan	nan	nan	nan	nan	nan
0.4445963286314546	nan	nan	nan	nan	nan	nan	nan	nan	nan	nan	0.9816066080852879	0.017439990480137217	nan	nan	nan	nan	nan	nan	nan	nan
0.4468046933463718	nan	nan	nan	nan	nan	nan	nan	nan	nan	nan	0.9687455941189681	0.01704837700483785	nan	nan	nan	nan	nan	nan	nan	nan
0.44902176784127257	nan	nan	nan	nan	nan	nan	nan	nan	nan	nan	0.9309754102211356	0.01660120601699903	nan	nan	nan	nan	nan	nan	nan	nan
0.45124760374496603	nan	nan	nan	nan	nan	nan	nan	nan	nan	nan	0.9796117785577985	0.017245562483895673	nan	nan	nan	nan	nan	nan	nan	nan
0.45348225309511997	nan	nan	nan	nan	nan	nan	nan	nan	nan	nan	0.9560259079411227	0.016854151931908683	nan	nan	nan	nan	nan	nan	nan	nan
0.4557257683423189	nan	nan	nan	nan	nan	nan	nan	nan	nan	nan	0.9502873675170201	0.01732672549953435	nan	nan	nan	nan	nan	nan	nan	nan
0.4579782023541661	nan	nan	nan	nan	nan	nan	nan	nan	nan	nan	0.9632450406434084	0.017254418799310875	nan	nan	nan	nan	nan	nan	nan	nan
0.46023960841943584	nan	nan	nan	nan	nan	nan	nan	nan	nan	nan	0.953766835777575	0.01736755933866016	nan	nan	nan	nan	nan	nan	nan	nan
0.4625100402522784	nan	nan	nan	nan	nan	nan	nan	nan	nan	nan	0.9900311900283653	0.01759323818221746	nan	nan	nan	nan	nan	nan	nan	nan
0.46478955199646976	nan	nan	nan	nan	nan	nan	nan	nan	nan	nan	0.9247671194183867	0.01661897503976179	nan	nan	nan	nan	nan	nan	nan	nan
0.46707819822971813	nan	nan	nan	nan	nan	nan	nan	nan	nan	nan	0.9520093935672482	0.016451481585994708	nan	nan	nan	nan	nan	nan	nan	nan
0.4693760339680191	nan	nan	nan	nan	nan	nan	nan	nan	nan	nan	0.9387942121508992	0.016756902703323407	nan	nan	nan	nan	nan	nan	nan	nan
0.4716831146700626	nan	nan	nan	nan	nan	nan	nan	nan	nan	nan	0.9431378714366114	0.0169723459819872	nan	nan	nan	nan	nan	nan	nan	nan
0.4739994962416974	nan	nan	nan	nan	nan	nan	nan	nan	nan	nan	0.9356310737437253	0.01696538252292899	nan	nan	nan	nan	nan	nan	nan	nan
0.4763252350404442	nan	nan	nan	nan	nan	nan	nan	nan	nan	nan	0.9386548251857157	0.01690628428163387	nan	nan	nan	nan	nan	nan	nan	nan
0.47866038788006826	nan	nan	nan	nan	nan	nan	nan	nan	nan	nan	0.9316451260613096	0.016767147441084148	nan	nan	nan	nan	nan	nan	nan	nan
0.48100501203520524	nan	nan	nan	nan	nan	nan	nan	nan	nan	nan	0.9554616239700027	0.017669991444140776	nan	nan	nan	nan	nan	nan	nan	nan
0.48335916524604255	nan	nan	nan	nan	nan	nan	nan	nan	nan	nan	0.9279574000592673	0.016991976109879427	nan	nan	nan	nan	nan	nan	nan	nan
0.48572290572306154	nan	nan	nan	nan	nan	nan	nan	nan	nan	nan	0.9448379674477925	0.017165884213954596	0.939207503939978	0.013183337238431393	nan	nan	nan	nan	nan	nan
0.4880962921518329	nan	nan	nan	nan	nan	nan	nan	nan	nan	nan	0.9356509348781081	0.017504897583342324	0.9347836181346767	0.01603724410967887	nan	nan	nan	nan	nan	nan
0.490479383697876	nan	nan	nan	nan	nan	nan	nan	nan	nan	nan	0.9286412638837108	0.016744396989347717	0.9163809156371021	0.01567459849430015	nan	nan	nan	nan	nan	nan
0.49287224001157376	nan	nan	nan	nan	nan	nan	nan	nan	nan	nan	0.9437008251912291	0.017173307228292804	0.9159334585688593	0.015689402768321516	nan	nan	nan	nan	nan	nan
0.49527492123314903	nan	nan	nan	nan	nan	nan	nan	nan	nan	nan	0.9379990796747852	0.0172616170395013	0.9370129200914332	0.01651178491538879	nan	nan	nan	nan	nan	nan
0.497687487997706	nan	nan	nan	nan	nan	nan	nan	nan	nan	nan	0.9507788732269026	0.017668929986435794	0.9190235380386549	0.015737004425873127	nan	nan	nan	nan	nan	nan
0.5001100014403271	nan	nan	nan	nan	nan	nan	nan	nan	nan	nan	0.9600528709500988	0.017861709433297214	0.9312541227747695	0.015809842312434604	nan	nan	nan	nan	nan	nan
0.5025425232012406	nan	nan	nan	nan	nan	nan	nan	nan	nan	nan	0.9091221550569455	0.01734044005727437	0.9369601180648294	0.016368687758284164	nan	nan	nan	nan	nan	nan
0.5049851154310464	nan	nan	nan	nan	nan	nan	nan	nan	nan	nan	0.927165146592395	0.01735255746708722	0.9414797140615286	0.016465395309511997	nan	nan	nan	nan	nan	nan
0.5074378407960098	nan	nan	nan	nan	nan	nan	nan	nan	nan	nan	0.9198773677360302	0.017147011684920672	0.9081229597617022	0.015718579630119283	nan	nan	nan	nan	nan	nan
0.5099007624834219	nan	nan	nan	nan	nan	nan	nan	nan	nan	nan	0.9177685559976501	0.01720511792083616	0.9366706529086676	0.01654545829711206	nan	nan	nan	nan	nan	nan
0.5123739442070238	nan	nan	nan	nan	nan	nan	nan	nan	nan	nan	0.9321564237531101	0.017551039869160557	0.9342011419041444	0.016285529624521445	nan	nan	nan	nan	nan	nan
0.5148574502125024	nan	nan	nan	nan	nan	nan	nan	nan	nan	nan	0.9090679503731407	0.017399891454474764	0.9515470401596376	0.016470929975943828	nan	nan	nan	nan	nan	nan
0.5173513452830536	nan	nan	nan	nan	nan	nan	nan	nan	nan	nan	0.9081193404830794	0.017325527314909012	0.9418006634295217	0.01624830004483183	nan	nan	nan	nan	nan	nan
0.519855694745013	nan	nan	nan	nan	nan	nan	nan	nan	nan	nan	0.9223664896069579	0.017220464269121924	0.9183330268662974	0.016011142658000195	nan	nan	nan	nan	nan	nan
0.5223705644735638	nan	nan	nan	nan	nan	nan	nan	nan	nan	nan	0.9119157780289454	0.017403759952724546	0.9060016066986442	0.015992717772235595	nan	nan	nan	nan	nan	nan
0.5248960208985087	nan	nan	nan	nan	nan	nan	nan	nan	nan	nan	0.908556675577008	0.018073448802645196	0.9393132803169322	0.016826726710330926	nan	nan	nan	nan	nan	nan
0.5274321310101232	nan	nan	nan	nan	nan	nan	nan	nan	nan	nan	nan	nan	0.9064923512692152	0.01602999691271231	nan	nan	nan	nan	nan	nan
0.5299789623650758	nan	nan	nan	nan	nan	nan	nan	nan	nan	nan	nan	nan	0.938669555672826	0.01601954987766715	nan	nan	nan	nan	nan	nan
0.5325365830924277	nan	nan	nan	nan	nan	nan	nan	nan	nan	nan	nan	nan	0.9384335504688449	0.016279906915795898	nan	nan	nan	nan	nan	nan
0.5351050618997094	nan	nan	nan	nan	nan	nan	nan	nan	nan	nan	nan	nan	0.9278008634887969	0.016198143147279766	nan	nan	nan	nan	nan	nan
0.5376844680790702	nan	nan	nan	nan	nan	nan	nan	nan	nan	nan	nan	nan	0.9330752066721038	0.016527705466391582	nan	nan	nan	nan	nan	nan
0.5402748715135127	nan	nan	nan	nan	nan	nan	nan	nan	nan	nan	nan	nan	0.9285874695249987	0.016254600594161846	nan	nan	nan	nan	nan	nan
0.5428763426832017	nan	nan	nan	nan	nan	nan	nan	nan	nan	nan	nan	nan	0.9156424171157427	0.016072078251563423	nan	nan	nan	nan	nan	nan
0.5454889526718572	nan	nan	nan	nan	nan	nan	nan	nan	nan	nan	nan	nan	0.8867339302098596	0.015500129101689804	nan	nan	nan	nan	nan	nan
0.5481127731732299	nan	nan	nan	nan	nan	nan	nan	nan	nan	nan	nan	nan	0.9110586285690826	0.01607767147377678	nan	nan	nan	nan	nan	nan
0.5507478764976571	nan	nan	nan	nan	nan	nan	nan	nan	nan	nan	nan	nan	0.9076006038993091	0.01574706358473231	nan	nan	nan	nan	nan	nan
0.5533943355787075	nan	nan	nan	nan	nan	nan	nan	nan	nan	nan	nan	nan	0.8912108766688649	0.015996163561395847	nan	nan	nan	nan	nan	nan
0.5560522239799095	nan	nan	nan	nan	nan	nan	nan	nan	nan	nan	nan	nan	0.920970882020617	0.016153115617919687	nan	nan	nan	nan	nan	nan
0.5587216159015667	nan	nan	nan	nan	nan	nan	nan	nan	nan	nan	nan	nan	0.9043956772789181	0.016452714502521875	nan	nan	nan	nan	nan	nan
0.5614025861876641	nan	nan	nan	nan	nan	nan	nan	nan	nan	nan	nan	nan	0.9039850175585479	0.015893426178661064	nan	nan	nan	nan	nan	nan
0.5640952103328618	nan	nan	nan	nan	nan	nan	nan	nan	nan	nan	nan	nan	0.943165825734572	0.016580753649829263	nan	nan	nan	nan	nan	nan
0.5667995644895831	nan	nan	nan	nan	nan	nan	nan	nan	nan	nan	nan	nan	0.8761147727888909	0.0154369038446961	nan	nan	nan	nan	nan	nan
0.569515725475192	nan	nan	nan	nan	nan	nan	nan	nan	nan	nan	nan	nan	0.9065721973971866	0.015660743871352183	nan	nan	nan	nan	nan	nan
0.5722437707792678	nan	nan	nan	nan	nan	nan	nan	nan	nan	nan	nan	nan	0.8985627022393895	0.015946158162750607	nan	nan	nan	nan	nan	nan
0.5749837785709742	nan	nan	nan	nan	nan	nan	nan	nan	nan	nan	nan	nan	0.9025240874901136	0.015983987547423868	nan	nan	nan	nan	nan	nan
0.5777358277065241	nan	nan	nan	nan	nan	nan	nan	nan	nan	nan	nan	nan	0.8981069284588045	0.01585137936972443	nan	nan	nan	nan	nan	nan
0.5804999977367473	nan	nan	nan	nan	nan	nan	nan	nan	nan	nan	nan	nan	0.9152186819187474	0.016495348582514103	nan	nan	nan	nan	nan	nan
0.5832763689147537	nan	nan	nan	nan	nan	nan	nan	nan	nan	nan	nan	nan	0.8895621738983025	0.016140356740689553	nan	nan	nan	nan	nan	nan
0.5860650222036999	nan	nan	nan	nan	nan	nan	nan	nan	nan	nan	nan	nan	0.8821735737875833	0.016163935955106627	nan	nan	nan	nan	nan	nan
0.5888660392846613	nan	nan	nan	nan	nan	nan	nan	nan	nan	nan	nan	nan	0.9020675262692017	0.016282900503203107	nan	nan	nan	nan	nan	nan
0.5916795025646047	nan	nan	nan	nan	nan	nan	nan	nan	nan	nan	nan	nan	0.8856418405066604	0.01609508471799433	nan	nan	nan	nan	nan	nan
0.594505495184472	nan	nan	nan	nan	nan	nan	nan	nan	nan	nan	nan	nan	0.8947196935965798	0.016047904093228375	0.9536599191196201	0.008080818150259567	nan	nan	nan	nan
0.5973441010273697	nan	nan	nan	nan	nan	nan	nan	nan	nan	nan	nan	nan	0.8734139429921983	0.016282784745884283	0.8674622591324677	0.017211769040286044	nan	nan	nan	nan
0.6001954047268666	nan	nan	nan	nan	nan	nan	nan	nan	nan	nan	nan	nan	0.8967094635036078	0.016022849776964356	0.8745631857283058	0.017036336976429277	nan	nan	nan	nan
0.6030594916754093	nan	nan	nan	nan	nan	nan	nan	nan	nan	nan	nan	nan	0.8886769173307579	0.016019595820079547	0.8552093401034417	0.016822124568894592	nan	nan	nan	nan
0.6059364480328419	nan	nan	nan	nan	nan	nan	nan	nan	nan	nan	nan	nan	0.9034780066439512	0.016519518130716882	0.8761614563901523	0.017068419034941485	nan	nan	nan	nan
0.6088263607350503	nan	nan	nan	nan	nan	nan	nan	nan	nan	nan	nan	nan	0.895569904968991	0.016296561474003907	0.8773746037817477	0.01738713776380309	nan	nan	nan	nan
0.6117293175027165	nan	nan	nan	nan	nan	nan	nan	nan	nan	nan	nan	nan	0.9050064110590758	0.01698745819562396	0.8710353960879456	0.017050788569877073	nan	nan	nan	nan
0.6146454068501958	nan	nan	nan	nan	nan	nan	nan	nan	nan	nan	nan	nan	0.911276279701084	0.0169272647251437	0.8685262022078648	0.017115100491682498	nan	nan	nan	nan
0.6175747180945126	nan	nan	nan	nan	nan	nan	nan	nan	nan	nan	nan	nan	0.877558057500312	0.0167414985594309	0.8655369998130237	0.017061233920880024	nan	nan	nan	nan
0.6205173413644792	nan	nan	nan	nan	nan	nan	nan	nan	nan	nan	nan	nan	0.87808031312164	0.016452671579664766	0.8959645907056993	0.01798751283676493	nan	nan	nan	nan
0.6234733676099412	nan	nan	nan	nan	nan	nan	nan	nan	nan	nan	nan	nan	0.866493053054029	0.01591090850824159	0.8804074098646514	0.01754276572645081	nan	nan	nan	nan
0.6264428886111462	nan	nan	nan	nan	nan	nan	nan	nan	nan	nan	nan	nan	0.862867401396043	0.016637974262178754	0.8391790250988557	0.016970971767786044	nan	nan	nan	nan
0.6294259969882428	nan	nan	nan	nan	nan	nan	nan	nan	nan	nan	nan	nan	0.8886290063094443	0.01641448745336933	0.8869604690073069	0.0182227575139641	nan	nan	nan	nan
0.6324227862109124	nan	nan	nan	nan	nan	nan	nan	nan	nan	nan	nan	nan	0.8689065652345901	0.016746288386324276	0.8649089055188042	0.01747056518655411	nan	nan	nan	nan
0.6354333506081286	nan	nan	nan	nan	nan	nan	nan	nan	nan	nan	nan	nan	0.8770126833500997	0.016611336783040963	0.8654592045192588	0.01738920625830388	nan	nan	nan	nan
0.6384577853780571	nan	nan	nan	nan	nan	nan	nan	nan	nan	nan	nan	nan	0.8572304763499858	0.01642407624850813	0.8747698014921593	0.017566126338346207	nan	nan	nan	nan
0.6414961865980893	nan	nan	nan	nan	nan	nan	nan	nan	nan	nan	nan	nan	0.8777209149075788	0.01649197615023714	0.8786530304484563	0.017599648811263864	nan	nan	nan	nan
0.6445486512350157	nan	nan	nan	nan	nan	nan	nan	nan	nan	nan	nan	nan	0.8489028157623267	0.01675716690229468	0.8356250492052589	0.01708249983536745	nan	nan	nan	nan
0.6476152771553428	nan	nan	nan	nan	nan	nan	nan	nan	nan	nan	nan	nan	0.8627820821398431	0.016907600779555172	0.8669668674508135	0.017977903460793677	nan	nan	nan	nan
0.6506961631357502	nan	nan	nan	nan	nan	nan	nan	nan	nan	nan	nan	nan	nan	nan	0.8936945417087421	0.01874521882378167	nan	nan	nan	nan
0.6537914088736986	nan	nan	nan	nan	nan	nan	nan	nan	nan	nan	nan	nan	nan	nan	0.850249868317317	0.017618043030504647	nan	nan	nan	nan
0.6569011149981825	nan	nan	nan	nan	nan	nan	nan	nan	nan	nan	nan	nan	nan	nan	0.8812955151155595	0.017521615620966054	nan	nan	nan	nan
0.6600253830806362	nan	nan	nan	nan	nan	nan	nan	nan	nan	nan	nan	nan	nan	nan	0.8660998822607969	0.017824612079460078	nan	nan	nan	nan
0.6631643156459932	nan	nan	nan	nan	nan	nan	nan	nan	nan	nan	nan	nan	nan	nan	0.8698717530757235	0.018261162114999813	nan	nan	nan	nan
0.6663180161838991	nan	nan	nan	nan	nan	nan	nan	nan	nan	nan	nan	nan	nan	nan	0.8691798413034897	0.01809358654287513	nan	nan	nan	nan
0.6694865891600882	nan	nan	nan	nan	nan	nan	nan	nan	nan	nan	nan	nan	nan	nan	0.8865824895926293	0.018633727721713917	nan	nan	nan	nan
0.6726701400279161	nan	nan	nan	nan	nan	nan	nan	nan	nan	nan	nan	nan	nan	nan	0.8653000297459928	0.018074480174691928	nan	nan	nan	nan
0.6758687752400595	nan	nan	nan	nan	nan	nan	nan	nan	nan	nan	nan	nan	nan	nan	0.8542096828480155	0.01760811245153428	nan	nan	nan	nan
0.6790826022603825	nan	nan	nan	nan	nan	nan	nan	nan	nan	nan	nan	nan	nan	nan	0.8404152635875718	0.017793099580952813	nan	nan	nan	nan
0.6823117295759699	nan	nan	nan	nan	nan	nan	nan	nan	nan	nan	nan	nan	nan	nan	0.8483069410998773	0.01794387496316063	nan	nan	nan	nan
0.6855562667093362	nan	nan	nan	nan	nan	nan	nan	nan	nan	nan	nan	nan	nan	nan	0.8328243769343336	0.017688256916635482	nan	nan	nan	nan
0.6888163242308077	nan	nan	nan	nan	nan	nan	nan	nan	nan	nan	nan	nan	nan	nan	0.8326428054981485	0.018191050683194127	nan	nan	nan	nan
0.6920920137710824	nan	nan	nan	nan	nan	nan	nan	nan	nan	nan	nan	nan	nan	nan	0.8560108652397688	0.01852172912770416	nan	nan	nan	nan
0.6953834480339738	nan	nan	nan	nan	nan	nan	nan	nan	nan	nan	nan	nan	nan	nan	0.8462203076034478	0.018505543374221698	nan	nan	nan	nan
0.6986907408093335	nan	nan	nan	nan	nan	nan	nan	nan	nan	nan	nan	nan	nan	nan	0.8549923939824322	0.018915999544402644	nan	nan	nan	nan
0.702014006986168	nan	nan	nan	nan	nan	nan	nan	nan	nan	nan	nan	nan	nan	nan	0.8492110290961722	0.018001123272712007	nan	nan	nan	nan
0.7053533625659406	nan	nan	nan	nan	nan	nan	nan	nan	nan	nan	nan	nan	nan	nan	0.8725563975104168	0.019068434421689186	nan	nan	nan	nan
0.7087089246760686	nan	nan	nan	nan	nan	nan	nan	nan	nan	nan	nan	nan	nan	nan	0.8431532956317711	0.018036559769744807	nan	nan	nan	nan
0.7120808115836194	nan	nan	nan	nan	nan	nan	nan	nan	nan	nan	nan	nan	nan	nan	0.8682599134506027	0.018496534465376406	nan	nan	nan	nan
0.7154691427092019	nan	nan	nan	nan	nan	nan	nan	nan	nan	nan	nan	nan	nan	nan	0.8394150301282506	0.01870617989002467	0.8530204631707382	0.016833753748289788	nan	nan
0.7188740386410698	nan	nan	nan	nan	nan	nan	nan	nan	nan	nan	nan	nan	nan	nan	0.8325912770998181	0.018554577951976094	0.8383667679253665	0.016432390980491762	nan	nan
0.722295621149423	nan	nan	nan	nan	nan	nan	nan	nan	nan	nan	nan	nan	nan	nan	0.8298224548730357	0.018758416676966556	0.8225011801852327	0.016344832818581248	nan	nan
0.7257340132009268	nan	nan	nan	nan	nan	nan	nan	nan	nan	nan	nan	nan	nan	nan	0.8620505626288926	0.0197765037068079	0.8499417587369609	0.016691508749532968	nan	nan
0.7291893389734432	nan	nan	nan	nan	nan	nan	nan	nan	nan	nan	nan	nan	nan	nan	0.8727550314271018	0.019413484103109554	0.8453160057353907	0.016779268020710808	nan	nan
0.7326617238709777	nan	nan	nan	nan	nan	nan	nan	nan	nan	nan	nan	nan	nan	nan	0.8572126346151614	0.01958426892761765	0.8380991033338938	0.017130051239880022	nan	nan
0.7361512945388542	nan	nan	nan	nan	nan	nan	nan	nan	nan	nan	nan	nan	nan	nan	0.8324396968605023	0.019500898152473873	0.8337423782758375	0.016516080687338855	nan	nan
0.7396581788791092	nan	nan	nan	nan	nan	nan	nan	nan	nan	nan	nan	nan	nan	nan	0.8408539883982057	0.019745486077906015	0.8504791758604298	0.01682603388235255	nan	nan
0.7431825060661196	nan	nan	nan	nan	nan	nan	nan	nan	nan	nan	nan	nan	nan	nan	0.8342327358276331	0.01929604349819303	0.8738151645141624	0.017889267036925973	nan	nan
0.7467244065624649	nan	nan	nan	nan	nan	nan	nan	nan	nan	nan	nan	nan	nan	nan	0.8640033051441495	0.020281951763624177	0.8610662788948386	0.017757632394593128	nan	nan
0.7502840121350225	nan	nan	nan	nan	nan	nan	nan	nan	nan	nan	nan	nan	nan	nan	0.8544488300805663	0.020718255585569226	0.8700094942261342	0.017936681464007346	nan	nan
0.7538614558713114	nan	nan	nan	nan	nan	nan	nan	nan	nan	nan	nan	nan	nan	nan	0.8940236247453607	0.02069268084788907	0.8416885847617164	0.01722698900280059	nan	nan
0.7574568721960772	nan	nan	nan	nan	nan	nan	nan	nan	nan	nan	nan	nan	nan	nan	0.8469035844737715	0.01970022773738185	0.8561641973871199	0.01789801401498095	nan	nan
0.7610703968881293	nan	nan	nan	nan	nan	nan	nan	nan	nan	nan	nan	nan	nan	nan	0.851382841076088	0.02078820543378027	0.8588747514290332	0.017796469052005402	nan	nan
0.7647021670974353	nan	nan	nan	nan	nan	nan	nan	nan	nan	nan	nan	nan	nan	nan	0.8550506195340931	0.02071814380999178	0.8541133823360213	0.017156599717831154	nan	nan
0.7683523213624701	nan	nan	nan	nan	nan	nan	nan	nan	nan	nan	nan	nan	nan	nan	0.8372102291423009	0.020725116411342774	0.8706685727071277	0.01819832714769272	nan	nan
0.772020999627835	nan	nan	nan	nan	nan	nan	nan	nan	nan	nan	nan	nan	nan	nan	0.8473352920277755	0.020746432563948976	0.8335075457243398	0.01708729907236171	nan	nan
0.7757083432621412	nan	nan	nan	nan	nan	nan	nan	nan	nan	nan	nan	nan	nan	nan	0.8416600522492756	0.021318806243905843	0.8373279637409112	0.017408569998673355	nan	nan
0.779414495076168	nan	nan	nan	nan	nan	nan	nan	nan	nan	nan	nan	nan	nan	nan	0.8235022016605497	0.020990119106468825	0.8173394600956967	0.0173447501044812	nan	nan
0.7831395993413027	nan	nan	nan	nan	nan	nan	nan	nan	nan	nan	nan	nan	nan	nan	0.8157087759422685	0.020767868454514185	0.8216118013572121	0.017169377599489825	nan	nan
0.7868838018082577	nan	nan	nan	nan	nan	nan	nan	nan	nan	nan	nan	nan	nan	nan	0.8271917601263288	0.02060115968814	0.8892924621741831	0.0193468123001526	nan	nan
0.7906472497260839	nan	nan	nan	nan	nan	nan	nan	nan	nan	nan	nan	nan	nan	nan	0.8464640337885112	0.02258140153527283	0.8536487053410097	0.018039432126509814	nan	nan
0.7944300918614716	nan	nan	nan	nan	nan	nan	nan	nan	nan	nan	nan	nan	nan	nan	0.8800302182112749	0.022737890443182533	0.8887799861354093	0.01838427914556514	nan	nan
0.7982324785183541	nan	nan	nan	nan	nan	nan	nan	nan	nan	nan	nan	nan	nan	nan	0.8849003380407945	0.02322465839473048	0.898967972129422	0.019021970897269706	nan	nan
0.8020545615578163	nan	nan	nan	nan	nan	nan	nan	nan	nan	nan	nan	nan	nan	nan	0.8658187808140506	0.023090094085444608	0.8751401922394509	0.018778121021534012	nan	nan
0.8058964944183088	nan	nan	nan	nan	nan	nan	nan	nan	nan	nan	nan	nan	nan	nan	0.8494590126768756	0.022933638469244566	0.8866829636404373	0.01921223124655036	nan	nan
0.8097584321361848	nan	nan	nan	nan	nan	nan	nan	nan	nan	nan	nan	nan	nan	nan	0.8831182642834668	0.023741050291548434	0.9318723114408647	0.020004989317375592	nan	nan
0.8136405313665531	nan	nan	nan	nan	nan	nan	nan	nan	nan	nan	nan	nan	nan	nan	0.8885036533301183	0.02369729597891262	0.9135752854617528	0.020127004854629274	nan	nan
0.8175429504044605	nan	nan	nan	nan	nan	nan	nan	nan	nan	nan	nan	nan	nan	nan	0.8903446947258282	0.0247317035523597	0.9110257647636737	0.019789383074620734	nan	nan
0.8214658492064085	nan	nan	nan	nan	nan	nan	nan	nan	nan	nan	nan	nan	nan	nan	0.9112343769962412	0.025101997737995225	0.9008926224269942	0.019517225309854266	nan	nan
0.8254093894122074	nan	nan	nan	nan	nan	nan	nan	nan	nan	nan	nan	nan	nan	nan	0.7543557054973724	0.6907021072521189	0.886870084932121	0.019690485304190552	nan	nan
0.8293737343671802	nan	nan	nan	nan	nan	nan	nan	nan	nan	nan	nan	nan	nan	nan	nan	nan	0.8804982203240557	0.019127872791464648	nan	nan
0.8333590491447128	nan	nan	nan	nan	nan	nan	nan	nan	nan	nan	nan	nan	nan	nan	nan	nan	0.8827329579666396	0.01942924277614229	nan	nan
0.8373655005691693	nan	nan	nan	nan	nan	nan	nan	nan	nan	nan	nan	nan	nan	nan	nan	nan	0.8915229802243858	0.020054522270253217	nan	nan
0.8413932572391697	nan	nan	nan	nan	nan	nan	nan	nan	nan	nan	nan	nan	nan	nan	nan	nan	0.9084084506507577	0.020362592924192936	nan	nan
0.8454424895512384	nan	nan	nan	nan	nan	nan	nan	nan	nan	nan	nan	nan	nan	nan	nan	nan	0.9022999251722658	0.020727154989392038	nan	nan
0.8495133697238368	nan	nan	nan	nan	nan	nan	nan	nan	nan	nan	nan	nan	nan	nan	nan	nan	0.9507500903927585	0.02240808838381193	nan	nan
0.8536060718217777	nan	nan	nan	nan	nan	nan	nan	nan	nan	nan	nan	nan	nan	nan	nan	nan	0.9196129785250471	0.020615981948132578	nan	nan
0.8577207717810349	nan	nan	nan	nan	nan	nan	nan	nan	nan	nan	nan	nan	nan	nan	nan	nan	0.9553205555251704	0.021553205577766	nan	nan
0.8618576474339561	nan	nan	nan	nan	nan	nan	nan	nan	nan	nan	nan	nan	nan	nan	nan	nan	0.9178091257351633	0.02125226232597623	nan	nan
0.8660168785348795	nan	nan	nan	nan	nan	nan	nan	nan	nan	nan	nan	nan	nan	nan	nan	nan	0.9339534526162768	0.021217593296238256	nan	nan
0.870198646786174	nan	nan	nan	nan	nan	nan	nan	nan	nan	nan	nan	nan	nan	nan	nan	nan	0.9863496986188376	0.02220752761756724	nan	nan
0.8744031358646964	nan	nan	nan	nan	nan	nan	nan	nan	nan	nan	nan	nan	nan	nan	nan	nan	0.9701466424909762	0.02267659077786071	nan	nan
0.8786305314486855	nan	nan	nan	nan	nan	nan	nan	nan	nan	nan	nan	nan	nan	nan	nan	nan	0.9799641988327404	0.023093819310598743	nan	nan
0.8828810212450984	nan	nan	nan	nan	nan	nan	nan	nan	nan	nan	nan	nan	nan	nan	nan	nan	0.9939677041733886	0.023700428555629035	nan	nan
0.8871547950173878	nan	nan	nan	nan	nan	nan	nan	nan	nan	nan	nan	nan	nan	nan	nan	nan	1.0404878766886556	0.02528286282614858	nan	nan
0.8914520446137496	nan	nan	nan	nan	nan	nan	nan	nan	nan	nan	nan	nan	nan	nan	nan	nan	1.0451678566989289	0.025207257590802157	nan	nan
0.8957729639958251	nan	nan	nan	nan	nan	nan	nan	nan	nan	nan	nan	nan	nan	nan	nan	nan	0.9958310543743478	0.024366386140546512	nan	nan
0.9001177492678871	nan	nan	nan	nan	nan	nan	nan	nan	nan	nan	nan	nan	nan	nan	nan	nan	1.0341229720989489	0.025837311828027273	nan	nan
0.9044865987065075	nan	nan	nan	nan	nan	nan	nan	nan	nan	nan	nan	nan	nan	nan	nan	nan	1.078364505896988	0.026427412556628144	nan	nan
0.9088797127907182	nan	nan	nan	nan	nan	nan	nan	nan	nan	nan	nan	nan	nan	nan	nan	nan	1.0296820107544513	0.025439175571527053	nan	nan
0.9132972942326805	nan	nan	nan	nan	nan	nan	nan	nan	nan	nan	nan	nan	nan	nan	nan	nan	1.100132011526562	0.0272887233814314	nan	nan
0.9177395480088621	nan	nan	nan	nan	nan	nan	nan	nan	nan	nan	nan	nan	nan	nan	nan	nan	1.0970207482590635	0.02808311687763906	nan	nan
0.9222066813917427	nan	nan	nan	nan	nan	nan	nan	nan	nan	nan	nan	nan	nan	nan	nan	nan	1.118630674694121	0.02926960711705888	1.1147239917670164	0.02483020579144565
0.9266989039820537	nan	nan	nan	nan	nan	nan	nan	nan	nan	nan	nan	nan	nan	nan	nan	nan	1.2199427347319982	0.03126255716993948	1.1562169684548749	0.028592449384794376
0.9312164277415578	nan	nan	nan	nan	nan	nan	nan	nan	nan	nan	nan	nan	nan	nan	nan	nan	1.1708893374008709	0.029956461506641843	1.122613023852284	0.028419407508238542
0.9357594670263908	nan	nan	nan	nan	nan	nan	nan	nan	nan	nan	nan	nan	nan	nan	nan	nan	1.1468612474552513	0.030229357248909534	1.1818975497725945	0.02969015636959575
0.9403282386209655	nan	nan	nan	nan	nan	nan	nan	nan	nan	nan	nan	nan	nan	nan	nan	nan	1.253334305757345	0.03277330954763103	1.1261100645619135	0.028538520685551086
0.9449229617724528	nan	nan	nan	nan	nan	nan	nan	nan	nan	nan	nan	nan	nan	nan	nan	nan	1.1581227092131836	0.03127974751804449	1.1467816816271514	0.0297040337312466
0.9495438582258579	nan	nan	nan	nan	nan	nan	nan	nan	nan	nan	nan	nan	nan	nan	nan	nan	1.1678871855797373	0.03168809995341046	1.1824016642564572	0.031461777977342995
0.9541911522596872	nan	nan	nan	nan	nan	nan	nan	nan	nan	nan	nan	nan	nan	nan	nan	nan	1.2024325477631725	0.032679257310016474	1.1512495914733765	0.03101200104970453
0.9588650707222411	nan	nan	nan	nan	nan	nan	nan	nan	nan	nan	nan	nan	nan	nan	nan	nan	1.2218450861642243	0.03501444742441841	1.1791097673542041	0.03164498107489876
0.9635658430685217	nan	nan	nan	nan	nan	nan	nan	nan	nan	nan	nan	nan	nan	nan	nan	nan	1.1295981862939497	0.03185720770603425	1.1493630711164542	0.031189784128890154
0.9682937013977817	nan	nan	nan	nan	nan	nan	nan	nan	nan	nan	nan	nan	nan	nan	nan	nan	1.1433905939005509	0.0319482082351137	1.1543639893398838	0.0322821151372776
0.9730488804917309	nan	nan	nan	nan	nan	nan	nan	nan	nan	nan	nan	nan	nan	nan	nan	nan	1.1411197902737593	0.032208458473460364	1.1387885724843376	0.032252520387178754
