0.18141344272362706	1.0258820681363454	0.022760121785966782	nan	nan	nan	nan	nan	nan	nan	nan	nan	nan	nan	nan	nan	nan	nan	nan	nan	nan
0.1827067528060567	1.028969745032987	0.022512547437773093	nan	nan	nan	nan	nan	nan	nan	nan	nan	nan	nan	nan	nan	nan	nan	nan	nan	nan
0.18400396368801109	1.0101078352082808	0.022197927847097062	nan	nan	nan	nan	nan	nan	nan	nan	nan	nan	nan	nan	nan	nan	nan	nan	nan	nan
0.18530509304415949	1.0003055345646998	0.02175320651203997	nan	nan	nan	nan	nan	nan	nan	nan	nan	nan	nan	nan	nan	nan	nan	nan	nan	nan
0.18661015865611238	1.0479766618964483	0.022701822040037404	nan	nan	nan	nan	nan	nan	nan	nan	nan	nan	nan	nan	nan	nan	nan	nan	nan	nan
0.18791917841323097	1.0360412537850143	0.022870583692178967	nan	nan	nan	nan	nan	nan	nan	nan	nan	nan	nan	nan	nan	nan	nan	nan	nan	nan
0.18923217031344505	1.0168949579046151	0.02230884317673792	nan	nan	nan	nan	nan	nan	nan	nan	nan	nan	nan	nan	nan	nan	nan	nan	nan	nan
0.19054915246407772	1.019309014890825	0.022329730951640158	nan	nan	nan	nan	nan	nan	nan	nan	nan	nan	nan	nan	nan	nan	nan	nan	nan	nan
0.19187014308267752	0.9916415388151751	0.022095208846316428	nan	nan	nan	nan	nan	nan	nan	nan	nan	nan	nan	nan	nan	nan	nan	nan	nan	nan
0.193195160497859	1.028091937714062	0.022297002616642032	nan	nan	nan	nan	nan	nan	nan	nan	nan	nan	nan	nan	nan	nan	nan	nan	nan	nan
0.19452422315014986	0.9915363114962648	0.0218068575630076	nan	nan	nan	nan	nan	nan	nan	nan	nan	nan	nan	nan	nan	nan	nan	nan	nan	nan
0.1958573495928467	1.0016407776587501	0.02211621902948518	nan	nan	nan	nan	nan	nan	nan	nan	nan	nan	nan	nan	nan	nan	nan	nan	nan	nan
0.19719455849287848	1.0383491581863757	0.022369927770879042	nan	nan	nan	nan	nan	nan	nan	nan	nan	nan	nan	nan	nan	nan	nan	nan	nan	nan
0.19853586863167733	1.0625591019417742	0.022721158282771298	nan	nan	nan	nan	nan	nan	nan	nan	nan	nan	nan	nan	nan	nan	nan	nan	nan	nan
0.19988129890605852	1.018392542711488	0.022152734078029767	nan	nan	nan	nan	nan	nan	nan	nan	nan	nan	nan	nan	nan	nan	nan	nan	nan	nan
0.20123086832910717	1.0296292931158617	0.022567775688306993	nan	nan	nan	nan	nan	nan	nan	nan	nan	nan	nan	nan	nan	nan	nan	nan	nan	nan
0.20258459603107448	1.0043710295180828	0.021717484953737314	nan	nan	nan	nan	nan	nan	nan	nan	nan	nan	nan	nan	nan	nan	nan	nan	nan	nan
0.20394250126028132	1.0089361248610695	0.02188826679004209	nan	nan	nan	nan	nan	nan	nan	nan	nan	nan	nan	nan	nan	nan	nan	nan	nan	nan
0.20530460338403056	1.042180354282733	0.02253488470124619	nan	nan	nan	nan	nan	nan	nan	nan	nan	nan	nan	nan	nan	nan	nan	nan	nan	nan
0.20667092188952807	1.037658422549416	0.022525542203881945	nan	nan	nan	nan	nan	nan	nan	nan	nan	nan	nan	nan	nan	nan	nan	nan	nan	nan
0.2080414763848116	1.008364029634558	0.022291351042986123	nan	nan	nan	nan	nan	nan	nan	nan	nan	nan	nan	nan	nan	nan	nan	nan	nan	nan
0.20941628659968922	1.0214662768309297	0.022127473737864008	1.0355434993835848	0.016735335631322238	nan	nan	nan	nan	nan	nan	nan	nan	nan	nan	nan	nan	nan	nan	nan	nan
0.21079537238668591	1.0115808258423626	0.022168635138933857	0.9967755537063044	0.017369261663283186	nan	nan	nan	nan	nan	nan	nan	nan	nan	nan	nan	nan	nan	nan	nan	nan
0.2121787537219991	1.0620828338374337	0.023031442019316527	1.0181535459240563	0.01754983147425873	nan	nan	nan	nan	nan	nan	nan	nan	nan	nan	nan	nan	nan	nan	nan	nan
0.21356645070646307	1.0377808041782253	0.022474056113217206	1.033894169263185	0.017920912847271635	nan	nan	nan	nan	nan	nan	nan	nan	nan	nan	nan	nan	nan	nan	nan	nan
0.214958483566523	1.035905481493138	0.02295148706788403	1.0262562473193937	0.017453601548959346	nan	nan	nan	nan	nan	nan	nan	nan	nan	nan	nan	nan	nan	nan	nan	nan
0.2163548726552171	1.0077179843149968	0.022130816563202742	1.029306667013797	0.01766810819162079	nan	nan	nan	nan	nan	nan	nan	nan	nan	nan	nan	nan	nan	nan	nan	nan
0.21775563845316898	1.0195966957235452	0.02238502932267841	0.9954117561621326	0.01725489150449972	nan	nan	nan	nan	nan	nan	nan	nan	nan	nan	nan	nan	nan	nan	nan	nan
0.2191608015695888	1.0193716857942972	0.022603195329315786	1.031337762980007	0.017446858765120997	nan	nan	nan	nan	nan	nan	nan	nan	nan	nan	nan	nan	nan	nan	nan	nan
0.2205703827432839	1.0251307165443664	0.02269785387844979	0.9799802241305234	0.016672775538079575	nan	nan	nan	nan	nan	nan	nan	nan	nan	nan	nan	nan	nan	nan	nan	nan
0.22198440284367937	1.0132280952196588	0.022608218255431457	0.9788006854452953	0.017194501042168665	nan	nan	nan	nan	nan	nan	nan	nan	nan	nan	nan	nan	nan	nan	nan	nan
0.22340288287184776	1.0042779784069096	0.07007382376992269	1.0475502115988373	0.01792009850678573	nan	nan	nan	nan	nan	nan	nan	nan	nan	nan	nan	nan	nan	nan	nan	nan
0.22482584396154875	nan	nan	1.035683863283242	0.01755043586667471	nan	nan	nan	nan	nan	nan	nan	nan	nan	nan	nan	nan	nan	nan	nan	nan
0.22625330738027907	nan	nan	1.013110752275657	0.017493848311549185	nan	nan	nan	nan	nan	nan	nan	nan	nan	nan	nan	nan	nan	nan	nan	nan
0.2276852945303316	nan	nan	1.0580995050719126	0.017812092432761238	nan	nan	nan	nan	nan	nan	nan	nan	nan	nan	nan	nan	nan	nan	nan	nan
0.22912182694986538	nan	nan	1.0006447106858778	0.016970319923674933	nan	nan	nan	nan	nan	nan	nan	nan	nan	nan	nan	nan	nan	nan	nan	nan
0.23056292631398514	nan	nan	1.0369519370635505	0.01764988862930064	nan	nan	nan	nan	nan	nan	nan	nan	nan	nan	nan	nan	nan	nan	nan	nan
0.23200861443583173	nan	nan	1.0156915493228913	0.017219780245815948	nan	nan	nan	nan	nan	nan	nan	nan	nan	nan	nan	nan	nan	nan	nan	nan
0.23345891326768264	nan	nan	0.9990954421258192	0.017233248464300844	nan	nan	nan	nan	nan	nan	nan	nan	nan	nan	nan	nan	nan	nan	nan	nan
0.23491384490206305	nan	nan	1.006751641290122	0.01708467734365062	nan	nan	nan	nan	nan	nan	nan	nan	nan	nan	nan	nan	nan	nan	nan	nan
0.23637343157286764	nan	nan	1.0322911200790517	0.017408804470689498	nan	nan	nan	nan	nan	nan	nan	nan	nan	nan	nan	nan	nan	nan	nan	nan
0.2378376956564933	nan	nan	1.0183991010295597	0.017030765342521976	nan	nan	nan	nan	nan	nan	nan	nan	nan	nan	nan	nan	nan	nan	nan	nan
0.23930665967298237	nan	nan	1.0226525533381665	0.017387033619291063	nan	nan	nan	nan	nan	nan	nan	nan	nan	nan	nan	nan	nan	nan	nan	nan
0.2407803462871776	nan	nan	1.0205151154678054	0.01749020642010309	nan	nan	nan	nan	nan	nan	nan	nan	nan	nan	nan	nan	nan	nan	nan	nan
0.2422587783098874	nan	nan	1.023038388458277	0.017552459165457352	nan	nan	nan	nan	nan	nan	nan	nan	nan	nan	nan	nan	nan	nan	nan	nan
0.24374197869906297	nan	nan	1.0030469777044808	0.01688962790297209	nan	nan	nan	nan	nan	nan	nan	nan	nan	nan	nan	nan	nan	nan	nan	nan
0.24522997056098667	nan	nan	0.9966094681750771	0.017072210355863673	0.9842232063936556	0.015303918894973493	nan	nan	nan	nan	nan	nan	nan	nan	nan	nan	nan	nan	nan	nan
0.2467227771514718	nan	nan	1.0179999771017567	0.017164935006128538	1.0055946150929038	0.017278309243880338	nan	nan	nan	nan	nan	nan	nan	nan	nan	nan	nan	nan	nan	nan
0.24822042187707435	nan	nan	1.051895448929934	0.017825002061907718	1.0265277877722991	0.017637703477824916	nan	nan	nan	nan	nan	nan	nan	nan	nan	nan	nan	nan	nan	nan
0.2497229282963163	nan	nan	1.0530994989682556	0.018141372901359535	0.9872162855873476	0.017053929668512484	nan	nan	nan	nan	nan	nan	nan	nan	nan	nan	nan	nan	nan	nan
0.2512303201209208	nan	nan	1.010586846802407	0.01746205405555483	1.0175232378023826	0.017403521529286172	nan	nan	nan	nan	nan	nan	nan	nan	nan	nan	nan	nan	nan	nan
0.2527426212170595	nan	nan	0.9954403445783665	0.0168777089373596	1.0060159068223247	0.01734408912155763	nan	nan	nan	nan	nan	nan	nan	nan	nan	nan	nan	nan	nan	nan
0.25425985560661246	nan	nan	1.017727873973491	0.01736157727829428	1.0120947230168529	0.017464067330987466	nan	nan	nan	nan	nan	nan	nan	nan	nan	nan	nan	nan	nan	nan
0.2557820474684398	nan	nan	1.0004497669305061	0.01739862382168224	1.034297248551615	0.01779751833791633	nan	nan	nan	nan	nan	nan	nan	nan	nan	nan	nan	nan	nan	nan
0.257309221139666	nan	nan	1.0089363784868932	0.01732365562271624	1.0032196735249517	0.017349855213843173	nan	nan	nan	nan	nan	nan	nan	nan	nan	nan	nan	nan	nan	nan
0.2588414011169772	nan	nan	1.0458747737264835	0.018005682372616873	1.006854454209293	0.017708879450874508	nan	nan	nan	nan	nan	nan	nan	nan	nan	nan	nan	nan	nan	nan
0.26037861205793084	nan	nan	1.017683973511111	0.05517037491858207	1.0299001213424612	0.018034764592311302	nan	nan	nan	nan	nan	nan	nan	nan	nan	nan	nan	nan	nan	nan
0.26192087878227843	nan	nan	nan	nan	1.0096821326344234	0.017285209812742168	nan	nan	nan	nan	nan	nan	nan	nan	nan	nan	nan	nan	nan	nan
0.2634682262733016	nan	nan	nan	nan	1.0288244758976468	0.017572187580299468	nan	nan	nan	nan	nan	nan	nan	nan	nan	nan	nan	nan	nan	nan
0.26502067967916065	nan	nan	nan	nan	0.9978113188037346	0.017216590667630812	nan	nan	nan	nan	nan	nan	nan	nan	nan	nan	nan	nan	nan	nan
0.2665782643142574	nan	nan	nan	nan	1.037347124550479	0.017807175364968824	nan	nan	nan	nan	nan	nan	nan	nan	nan	nan	nan	nan	nan	nan
0.2681410056606109	nan	nan	nan	nan	0.9965206337352733	0.01701250256063546	nan	nan	nan	nan	nan	nan	nan	nan	nan	nan	nan	nan	nan	nan
0.26970892936924706	nan	nan	nan	nan	0.990276714078731	0.01694020858642705	nan	nan	nan	nan	nan	nan	nan	nan	nan	nan	nan	nan	nan	nan
0.27128206126160237	nan	nan	nan	nan	0.9792843592770414	0.01681031371662418	nan	nan	nan	nan	nan	nan	nan	nan	nan	nan	nan	nan	nan	nan
0.272860427330941	nan	nan	nan	nan	1.0157908908995394	0.01739964521591613	nan	nan	nan	nan	nan	nan	nan	nan	nan	nan	nan	nan	nan	nan
0.27444405374378694	nan	nan	nan	nan	1.029423401421945	0.017719633859978004	nan	nan	nan	nan	nan	nan	nan	nan	nan	nan	nan	nan	nan	nan
0.27603296684136946	nan	nan	nan	nan	1.030995624657127	0.01765465961390248	nan	nan	nan	nan	nan	nan	nan	nan	nan	nan	nan	nan	nan	nan
0.27762719314108397	nan	nan	nan	nan	0.9983902058642236	0.017005863568673483	nan	nan	nan	nan	nan	nan	nan	nan	nan	nan	nan	nan	nan	nan
0.27922675933796715	nan	nan	nan	nan	1.0181567630165007	0.01727002802583187	nan	nan	nan	nan	nan	nan	nan	nan	nan	nan	nan	nan	nan	nan
0.280831692306187	nan	nan	nan	nan	1.046888694351126	0.018221432529563725	nan	nan	nan	nan	nan	nan	nan	nan	nan	nan	nan	nan	nan	nan
0.2824420191005478	nan	nan	nan	nan	1.0305793682885784	0.017700402914641828	nan	nan	nan	nan	nan	nan	nan	nan	nan	nan	nan	nan	nan	nan
0.28405776695801016	nan	nan	nan	nan	1.0306369524904315	0.017966604817291492	nan	nan	nan	nan	nan	nan	nan	nan	nan	nan	nan	nan	nan	nan
0.28567896329922726	nan	nan	nan	nan	0.9945228450791278	0.017062405428013825	0.9806460870558755	0.015800166826996136	nan	nan	nan	nan	nan	nan	nan	nan	nan	nan	nan	nan
0.28730563573009554	nan	nan	nan	nan	1.0100450696371948	0.0174320739695736	1.0198743568056015	0.018619579429145314	nan	nan	nan	nan	nan	nan	nan	nan	nan	nan	nan	nan
0.2889378120433217	nan	nan	nan	nan	1.0605915375437054	0.018184774017476146	0.988331189825006	0.018034024567101733	nan	nan	nan	nan	nan	nan	nan	nan	nan	nan	nan	nan
0.29057552022000566	nan	nan	nan	nan	1.0209606316546391	0.01760116223750742	1.0080471710782122	0.018500290097808875	nan	nan	nan	nan	nan	nan	nan	nan	nan	nan	nan	nan
0.2922187884312396	nan	nan	nan	nan	1.0179643237733287	0.017540220286568688	1.0070879550046574	0.018313803312894755	nan	nan	nan	nan	nan	nan	nan	nan	nan	nan	nan	nan
0.293867645039723	nan	nan	nan	nan	1.0064227066470952	0.017474191314437806	1.0218711547796602	0.01838605040694473	nan	nan	nan	nan	nan	nan	nan	nan	nan	nan	nan	nan
0.29552211860139493	nan	nan	nan	nan	0.983734498964052	0.017367776757795005	1.0288779133673187	0.018862430546751935	nan	nan	nan	nan	nan	nan	nan	nan	nan	nan	nan	nan
0.29718223786708214	nan	nan	nan	nan	1.004444210792678	0.017264976675262604	0.998482042175449	0.01833942375297831	nan	nan	nan	nan	nan	nan	nan	nan	nan	nan	nan	nan
0.2988480317841647	nan	nan	nan	nan	0.9816759642874593	0.016944458875463312	1.0302760983267214	0.018842019448316875	nan	nan	nan	nan	nan	nan	nan	nan	nan	nan	nan	nan
0.30051952949825816	nan	nan	nan	nan	1.004550811481576	0.01791073404013291	1.0122582773018851	0.018365272473249105	nan	nan	nan	nan	nan	nan	nan	nan	nan	nan	nan	nan
0.3021967603549143	nan	nan	nan	nan	1.0161988768414272	0.017608316143010075	1.0062289777282516	0.01826176743608524	nan	nan	nan	nan	nan	nan	nan	nan	nan	nan	nan	nan
0.3038797539013372	nan	nan	nan	nan	1.0342302535692318	0.018059893811475398	0.970492012824693	0.018048436317085557	nan	nan	nan	nan	nan	nan	nan	nan	nan	nan	nan	nan
0.3055685398881195	nan	nan	nan	nan	1.0186956727480487	0.02544911670674485	1.039696148162074	0.01928689012342632	nan	nan	nan	nan	nan	nan	nan	nan	nan	nan	nan	nan
0.30726314827099493	nan	nan	nan	nan	nan	nan	1.0180165544210162	0.01842071087042145	nan	nan	nan	nan	nan	nan	nan	nan	nan	nan	nan	nan
0.3089636092126092	nan	nan	nan	nan	nan	nan	1.0279406303299559	0.018699324294955376	nan	nan	nan	nan	nan	nan	nan	nan	nan	nan	nan	nan
0.31066995308431045	nan	nan	nan	nan	nan	nan	1.0141637660963327	0.018724337829936696	nan	nan	nan	nan	nan	nan	nan	nan	nan	nan	nan	nan
0.31238221046795667	nan	nan	nan	nan	nan	nan	1.0188313589936089	0.0186342041095211	nan	nan	nan	nan	nan	nan	nan	nan	nan	nan	nan	nan
0.31410041215774287	nan	nan	nan	nan	nan	nan	0.9883196677649383	0.017827013213770695	nan	nan	nan	nan	nan	nan	nan	nan	nan	nan	nan	nan
0.3158245891620476	nan	nan	nan	nan	nan	nan	0.9770627854460653	0.018132223718547936	nan	nan	nan	nan	nan	nan	nan	nan	nan	nan	nan	nan
0.31755477270529764	nan	nan	nan	nan	nan	nan	0.9815388535631073	0.018067600670685132	nan	nan	nan	nan	nan	nan	nan	nan	nan	nan	nan	nan
0.31929099422985396	nan	nan	nan	nan	nan	nan	1.0205352749269603	0.01887244472787421	nan	nan	nan	nan	nan	nan	nan	nan	nan	nan	nan	nan
0.321033285397915	nan	nan	nan	nan	nan	nan	1.0011827498628092	0.0186008682932753	nan	nan	nan	nan	nan	nan	nan	nan	nan	nan	nan	nan
0.32278167809344255	nan	nan	nan	nan	nan	nan	1.0188650865923825	0.018462836791258794	nan	nan	nan	nan	nan	nan	nan	nan	nan	nan	nan	nan
0.3245362044241062	nan	nan	nan	nan	nan	nan	1.0105271798568716	0.018620459188479068	nan	nan	nan	nan	nan	nan	nan	nan	nan	nan	nan	nan
0.3262968967232487	nan	nan	nan	nan	nan	nan	0.9883883952132172	0.01792211882763342	nan	nan	nan	nan	nan	nan	nan	nan	nan	nan	nan	nan
0.3280637875518724	nan	nan	nan	nan	nan	nan	1.008289196639417	0.01822933892761212	nan	nan	nan	nan	nan	nan	nan	nan	nan	nan	nan	nan
0.32983690970064644	nan	nan	nan	nan	nan	nan	1.0173446165431874	0.018563026006303225	nan	nan	nan	nan	nan	nan	nan	nan	nan	nan	nan	nan
0.3316162961919351	nan	nan	nan	nan	nan	nan	1.0165511008718084	0.018498570087740637	nan	nan	nan	nan	nan	nan	nan	nan	nan	nan	nan	nan
0.33340198028184803	nan	nan	nan	nan	nan	nan	1.0015388401473342	0.018610990943429353	nan	nan	nan	nan	nan	nan	nan	nan	nan	nan	nan	nan
0.33519399546231204	nan	nan	nan	nan	nan	nan	0.9921492764536984	0.018420873949574007	nan	nan	nan	nan	nan	nan	nan	nan	nan	nan	nan	nan
0.3369923754631648	nan	nan	nan	nan	nan	nan	0.994889395033202	0.01826456866587372	1.0432329059217345	0.01232777993152613	nan	nan	nan	nan	nan	nan	nan	nan	nan	nan
0.3387971542542715	nan	nan	nan	nan	nan	nan	0.9672884884420051	0.018023942350532205	1.0016153415986122	0.016838615819829077	nan	nan	nan	nan	nan	nan	nan	nan	nan	nan
0.3406083660476632	nan	nan	nan	nan	nan	nan	1.000953302346699	0.018260444697842975	0.9855948126749677	0.016340018763368457	nan	nan	nan	nan	nan	nan	nan	nan	nan	nan
0.34242604529969956	nan	nan	nan	nan	nan	nan	1.0122134801309943	0.018888525698905718	0.9889659314874756	0.016367505421785947	nan	nan	nan	nan	nan	nan	nan	nan	nan	nan
0.3442502267132527	nan	nan	nan	nan	nan	nan	1.020766111555977	0.018807280351244682	0.997317228991793	0.01689803164500633	nan	nan	nan	nan	nan	nan	nan	nan	nan	nan
0.34608094523991667	nan	nan	nan	nan	nan	nan	1.0096499760384317	0.018861187064299196	1.004738463741081	0.016479676667198146	nan	nan	nan	nan	nan	nan	nan	nan	nan	nan
0.347918236082239	nan	nan	nan	nan	nan	nan	0.9386016589859021	0.01806676604297109	1.0164164636273798	0.01701020862737176	nan	nan	nan	nan	nan	nan	nan	nan	nan	nan
0.3497621346959778	nan	nan	nan	nan	nan	nan	0.9958676574437629	0.018456361673862515	0.9986246743697741	0.01672866003132812	nan	nan	nan	nan	nan	nan	nan	nan	nan	nan
0.35161267679238184	nan	nan	nan	nan	nan	nan	1.00795293419694	0.01913541948958445	0.9786006173925967	0.016556117985234167	nan	nan	nan	nan	nan	nan	nan	nan	nan	nan
0.35346989834049636	nan	nan	nan	nan	nan	nan	1.0054451393981942	0.018763610048584733	1.013629902951526	0.016934352120643925	nan	nan	nan	nan	nan	nan	nan	nan	nan	nan
0.3553338355694936	nan	nan	nan	nan	nan	nan	0.9904268679123281	0.018990597537459998	1.015078271704307	0.016848826532324584	nan	nan	nan	nan	nan	nan	nan	nan	nan	nan
0.3572045249710284	nan	nan	nan	nan	nan	nan	1.0472361289314385	0.01954734921459717	0.9789450047016048	0.016297265147856975	nan	nan	nan	nan	nan	nan	nan	nan	nan	nan
0.35908200330161977	nan	nan	nan	nan	nan	nan	0.9889518893971663	0.01863674615205982	0.9629855140267777	0.016284209436900832	nan	nan	nan	nan	nan	nan	nan	nan	nan	nan
0.3609663075850582	nan	nan	nan	nan	nan	nan	0.9897096656389776	0.024200019137545107	0.9759518055430547	0.01664769242619073	nan	nan	nan	nan	nan	nan	nan	nan	nan	nan
0.3628574751148396	nan	nan	nan	nan	nan	nan	nan	nan	1.0163314560906114	0.017308261589849914	nan	nan	nan	nan	nan	nan	nan	nan	nan	nan
0.36475554345662525	nan	nan	nan	nan	nan	nan	nan	nan	1.0210557203545767	0.016812618267927855	nan	nan	nan	nan	nan	nan	nan	nan	nan	nan
0.3666605504507296	nan	nan	nan	nan	nan	nan	nan	nan	1.0139525213977774	0.017004445388709058	nan	nan	nan	nan	nan	nan	nan	nan	nan	nan
0.36857253421463476	nan	nan	nan	nan	nan	nan	nan	nan	1.0054637227719219	0.016798656181618427	nan	nan	nan	nan	nan	nan	nan	nan	nan	nan
0.37049153314553285	nan	nan	nan	nan	nan	nan	nan	nan	1.013705930828049	0.016873708257849136	nan	nan	nan	nan	nan	nan	nan	nan	nan	nan
0.3724175859228962	nan	nan	nan	nan	nan	nan	nan	nan	0.9879947724810355	0.01649462801824027	nan	nan	nan	nan	nan	nan	nan	nan	nan	nan
0.37435073151107656	nan	nan	nan	nan	nan	nan	nan	nan	0.992402056560802	0.016605879550644277	nan	nan	nan	nan	nan	nan	nan	nan	nan	nan
0.3762910091619324	nan	nan	nan	nan	nan	nan	nan	nan	0.9918918753514628	0.016484174347351648	nan	nan	nan	nan	nan	nan	nan	nan	nan	nan
0.3782384584174855	nan	nan	nan	nan	nan	nan	nan	nan	0.9842243603298767	0.016695502905925055	nan	nan	nan	nan	nan	nan	nan	nan	nan	nan
0.3801931191126075	nan	nan	nan	nan	nan	nan	nan	nan	0.9984284496317347	0.016587466540240032	nan	nan	nan	nan	nan	nan	nan	nan	nan	nan
0.38215503137773554	nan	nan	nan	nan	nan	nan	nan	nan	0.9959856854128083	0.017062833837873964	nan	nan	nan	nan	nan	nan	nan	nan	nan	nan
0.38412423564161885	nan	nan	nan	nan	nan	nan	nan	nan	1.0030638315911442	0.01695065268878764	nan	nan	nan	nan	nan	nan	nan	nan	nan	nan
0.38610077263409603	nan	nan	nan	nan	nan	nan	nan	nan	0.9871069000613235	0.016624342758999197	nan	nan	nan	nan	nan	nan	nan	nan	nan	nan
0.3880846833889029	nan	nan	nan	nan	nan	nan	nan	nan	0.98843191374759	0.01615881349388247	nan	nan	nan	nan	nan	nan	nan	nan	nan	nan
0.3900760092465123	nan	nan	nan	nan	nan	nan	nan	nan	0.984746366140083	0.016578792293499133	nan	nan	nan	nan	nan	nan	nan	nan	nan	nan
0.3920747918570055	nan	nan	nan	nan	nan	nan	nan	nan	0.9807457297076541	0.01651770701499018	nan	nan	nan	nan	nan	nan	nan	nan	nan	nan
0.39408107318297597	nan	nan	nan	nan	nan	nan	nan	nan	0.9811063192219317	0.01648375968502724	nan	nan	nan	nan	nan	nan	nan	nan	nan	nan
0.3960948955024664	nan	nan	nan	nan	nan	nan	nan	nan	0.9818325040946286	0.016639070419158998	nan	nan	nan	nan	nan	nan	nan	nan	nan	nan
0.39811630141193793	nan	nan	nan	nan	nan	nan	nan	nan	0.9667653854262478	0.01645320989385957	nan	nan	nan	nan	nan	nan	nan	nan	nan	nan
0.400145333829274	nan	nan	nan	nan	nan	nan	nan	nan	0.9857894331532836	0.01665990246330113	nan	nan	nan	nan	nan	nan	nan	nan	nan	nan
0.4021820359968173	nan	nan	nan	nan	nan	nan	nan	nan	1.0021951437686687	0.016802171526089628	0.99080299809424	0.01252533712853843	nan	nan	nan	nan	nan	nan	nan	nan
0.40422645148444214	nan	nan	nan	nan	nan	nan	nan	nan	0.970864140833018	0.01676151747322841	0.9724740668067113	0.01710574644235994	nan	nan	nan	nan	nan	nan	nan	nan
0.40627862419266125	nan	nan	nan	nan	nan	nan	nan	nan	0.9901327363701774	0.0165730364661418	0.9778050593159686	0.017020938468786037	nan	nan	nan	nan	nan	nan	nan	nan
0.40833859835576813	nan	nan	nan	nan	nan	nan	nan	nan	0.9940572087613625	0.016971275231239428	0.9550811995961346	0.016582819003822406	nan	nan	nan	nan	nan	nan	nan	nan
0.4104064185450153	nan	nan	nan	nan	nan	nan	nan	nan	1.0134147942732814	0.016869989557000004	0.9845667126491149	0.017478673716191245	nan	nan	nan	nan	nan	nan	nan	nan
0.41248212967182873	nan	nan	nan	nan	nan	nan	nan	nan	0.9829802776096037	0.016747424041220225	0.9902519248766016	0.017111743675464062	nan	nan	nan	nan	nan	nan	nan	nan
0.4145657769910597	nan	nan	nan	nan	nan	nan	nan	nan	0.9903937763990376	0.01738589620900696	0.9602037274483779	0.016515169288113578	nan	nan	nan	nan	nan	nan	nan	nan
0.41665740610427343	nan	nan	nan	nan	nan	nan	nan	nan	0.9550671123832529	0.016603905511928422	0.9892495668978007	0.0175941062004715	nan	nan	nan	nan	nan	nan	nan	nan
0.4187570629630764	nan	nan	nan	nan	nan	nan	nan	nan	0.9854551518024822	0.01655266771603665	0.9835338299246685	0.017236696912823216	nan	nan	nan	nan	nan	nan	nan	nan
0.4208647938724801	nan	nan	nan	nan	nan	nan	nan	nan	0.9607892000810135	0.01651911895887944	0.9456882727831717	0.01669898813375451	nan	nan	nan	nan	nan	nan	nan	nan
0.422980645494307	nan	nan	nan	nan	nan	nan	nan	nan	0.9650072090781893	0.016617466927393246	0.9709781580118384	0.01721103929930763	nan	nan	nan	nan	nan	nan	nan	nan
0.42510466485063253	nan	nan	nan	nan	nan	nan	nan	nan	0.9720754301637005	0.017057383053919708	0.9992273880092815	0.017390344928523302	nan	nan	nan	nan	nan	nan	nan	nan
0.42723689932726844	nan	nan	nan	nan	nan	nan	nan	nan	0.9742364327816913	0.01683170963054411	0.9631710547661786	0.016860694400282303	nan	nan	nan	nan	nan	nan	nan	nan
0.4293773966772883	nan	nan	nan	nan	nan	nan	nan	nan	0.9761520979259583	0.01670557375023695	0.9746351871130341	0.017149726969984295	nan	nan	nan	nan	nan	nan	nan	nan
0.43152620502459005	nan	nan	nan	nan	nan	nan	nan	nan	0.9752574914044558	0.01708732979560687	0.9566631700844294	0.017019316323215038	nan	nan	nan	nan	nan	nan	nan	nan
0.43368337286750464	nan	nan	nan	nan	nan	nan	nan	nan	0.9756717970628467	0.08959802055772094	1.005158023042785	0.01800784523711344	nan	nan	nan	nan	nan	nan	nan	nan
0.4358489490824442	nan	nan	nan	nan	nan	nan	nan	nan	nan	nan	0.9863497729686116	0.017230378586678113	nan	nan	nan	nan	nan	nan	nan	nan
0.4380229829275921	nan	nan	nan	nan	nan	nan	nan	nan	nan	nan	0.9948367877130223	0.017432565341195902	nan	nan	nan	nan	nan	nan	nan	nan
0.4402055240466404	nan	nan	nan	nan	nan	nan	nan	nan	nan	nan	0.9650707841862869	0.017105504586319667	nan	nan	nan	nan	nan	nan	nan	nan
0.44239662247256567	nan	nan	nan	nan	nan	nan	nan	nan	nan	nan	0.9877417501594885	0.017613154113290452	nan	nan	nan	nan	nan	nan	nan	nan
0.4445963286314546	nan	nan	nan	nan	nan	nan	nan	nan	nan	nan	0.9894948568277996	0.01734978616871973	nan	nan	nan	nan	nan	nan	nan	nan
0.4468046933463718	nan	nan	nan	nan	nan	nan	nan	nan	nan	nan	0.9830927997429914	0.017162838452869277	nan	nan	nan	nan	nan	nan	nan	nan
0.44902176784127257	nan	nan	nan	nan	nan	nan	nan	nan	nan	nan	0.9455387674165981	0.016781567333117225	nan	nan	nan	nan	nan	nan	nan	nan
0.45124760374496603	nan	nan	nan	nan	nan	nan	nan	nan	nan	nan	0.9957587259419663	0.01741795652192406	nan	nan	nan	nan	nan	nan	nan	nan
0.45348225309511997	nan	nan	nan	nan	nan	nan	nan	nan	nan	nan	0.9713701763416682	0.017021034121506663	nan	nan	nan	nan	nan	nan	nan	nan
0.4557257683423189	nan	nan	nan	nan	nan	nan	nan	nan	nan	nan	0.9504824386476544	0.01708590504980654	nan	nan	nan	nan	nan	nan	nan	nan
0.4579782023541661	nan	nan	nan	nan	nan	nan	nan	nan	nan	nan	0.9712814739544204	0.017222365919743722	nan	nan	nan	nan	nan	nan	nan	nan
0.46023960841943584	nan	nan	nan	nan	nan	nan	nan	nan	nan	nan	0.9644095273045811	0.01741424635857055	nan	nan	nan	nan	nan	nan	nan	nan
0.4625100402522784	nan	nan	nan	nan	nan	nan	nan	nan	nan	nan	0.9967369305450849	0.01753957150841222	nan	nan	nan	nan	nan	nan	nan	nan
0.46478955199646976	nan	nan	nan	nan	nan	nan	nan	nan	nan	nan	0.9615905515272675	0.017318481765037853	nan	nan	nan	nan	nan	nan	nan	nan
0.46707819822971813	nan	nan	nan	nan	nan	nan	nan	nan	nan	nan	0.9677462992535212	0.016574653361245306	nan	nan	nan	nan	nan	nan	nan	nan
0.4693760339680191	nan	nan	nan	nan	nan	nan	nan	nan	nan	nan	0.9492775796152081	0.016744142976025857	nan	nan	nan	nan	nan	nan	nan	nan
0.4716831146700626	nan	nan	nan	nan	nan	nan	nan	nan	nan	nan	0.9591217242272112	0.017110576393936573	nan	nan	nan	nan	nan	nan	nan	nan
0.4739994962416974	nan	nan	nan	nan	nan	nan	nan	nan	nan	nan	0.9685530934696863	0.017552000609892596	nan	nan	nan	nan	nan	nan	nan	nan
0.4763252350404442	nan	nan	nan	nan	nan	nan	nan	nan	nan	nan	0.964656483220865	0.017285716756009227	nan	nan	nan	nan	nan	nan	nan	nan
0.47866038788006826	nan	nan	nan	nan	nan	nan	nan	nan	nan	nan	0.9521020204980183	0.01700983435755528	nan	nan	nan	nan	nan	nan	nan	nan
0.48100501203520524	nan	nan	nan	nan	nan	nan	nan	nan	nan	nan	0.976760811886242	0.017900022133724172	nan	nan	nan	nan	nan	nan	nan	nan
0.48335916524604255	nan	nan	nan	nan	nan	nan	nan	nan	nan	nan	0.949542516345396	0.017226768572933666	nan	nan	nan	nan	nan	nan	nan	nan
0.48572290572306154	nan	nan	nan	nan	nan	nan	nan	nan	nan	nan	0.9605781082643393	0.017282107839643235	0.9791697792759302	0.013850938949044989	nan	nan	nan	nan	nan	nan
0.4880962921518329	nan	nan	nan	nan	nan	nan	nan	nan	nan	nan	0.938196728485735	0.017221275201645552	0.9520712266027663	0.01638246684427597	nan	nan	nan	nan	nan	nan
0.490479383697876	nan	nan	nan	nan	nan	nan	nan	nan	nan	nan	0.9578037824645181	0.01718283084228365	0.9503218508184882	0.016354172573662444	nan	nan	nan	nan	nan	nan
0.49287224001157376	nan	nan	nan	nan	nan	nan	nan	nan	nan	nan	0.9755953264635573	0.017637820882950146	0.9411068289158213	0.016108283398983764	nan	nan	nan	nan	nan	nan
0.49527492123314903	nan	nan	nan	nan	nan	nan	nan	nan	nan	nan	0.966657762734422	0.01768743932176953	0.9503162041789176	0.016639122788420235	nan	nan	nan	nan	nan	nan
0.497687487997706	nan	nan	nan	nan	nan	nan	nan	nan	nan	nan	0.9633224857601997	0.01765340640895616	0.9518489809590873	0.016301488954936435	nan	nan	nan	nan	nan	nan
0.5001100014403271	nan	nan	nan	nan	nan	nan	nan	nan	nan	nan	0.9919880839792957	0.018374601243437896	0.9426096852751188	0.01585718567287826	nan	nan	nan	nan	nan	nan
0.5025425232012406	nan	nan	nan	nan	nan	nan	nan	nan	nan	nan	0.9385792351159287	0.017744295320878588	0.9749046248539429	0.017121272308430076	nan	nan	nan	nan	nan	nan
0.5049851154310464	nan	nan	nan	nan	nan	nan	nan	nan	nan	nan	0.9703649880087584	0.018082481800979853	0.9682513906473101	0.01676643472091621	nan	nan	nan	nan	nan	nan
0.5074378407960098	nan	nan	nan	nan	nan	nan	nan	nan	nan	nan	0.9299364534692852	0.0171526832536179	0.9364339148004656	0.01620850066206337	nan	nan	nan	nan	nan	nan
0.5099007624834219	nan	nan	nan	nan	nan	nan	nan	nan	nan	nan	0.9450154787327826	0.017468571808575167	0.9672385223456956	0.017019416292863295	nan	nan	nan	nan	nan	nan
0.5123739442070238	nan	nan	nan	nan	nan	nan	nan	nan	nan	nan	0.9495634186714884	0.0176216577833294	0.9512641731309226	0.016468312503459717	nan	nan	nan	nan	nan	nan
0.5148574502125024	nan	nan	nan	nan	nan	nan	nan	nan	nan	nan	0.9449691616573891	0.018076760982705525	0.9791527439761539	0.016863171344763245	nan	nan	nan	nan	nan	nan
0.5173513452830536	nan	nan	nan	nan	nan	nan	nan	nan	nan	nan	0.9260683461155897	0.017415021659145862	0.9689798489231453	0.016694278259368072	nan	nan	nan	nan	nan	nan
0.519855694745013	nan	nan	nan	nan	nan	nan	nan	nan	nan	nan	0.9624521845482968	0.017789658626789252	0.954904939646107	0.016672665758853497	nan	nan	nan	nan	nan	nan
0.5223705644735638	nan	nan	nan	nan	nan	nan	nan	nan	nan	nan	0.9353511988030164	0.01773023756082786	0.9315021114020171	0.016433072480084306	nan	nan	nan	nan	nan	nan
0.5248960208985087	nan	nan	nan	nan	nan	nan	nan	nan	nan	nan	0.9774460258754146	0.021043958955424078	0.9708581601012285	0.01730932821623418	nan	nan	nan	nan	nan	nan
0.5274321310101232	nan	nan	nan	nan	nan	nan	nan	nan	nan	nan	nan	nan	0.941362305006331	0.016658766066068222	nan	nan	nan	nan	nan	nan
0.5299789623650758	nan	nan	nan	nan	nan	nan	nan	nan	nan	nan	nan	nan	0.9634499435330294	0.016372391652354743	nan	nan	nan	nan	nan	nan
0.5325365830924277	nan	nan	nan	nan	nan	nan	nan	nan	nan	nan	nan	nan	0.9616231044922414	0.016633105827782886	nan	nan	nan	nan	nan	nan
0.5351050618997094	nan	nan	nan	nan	nan	nan	nan	nan	nan	nan	nan	nan	0.9607768332866962	0.016832034656863035	nan	nan	nan	nan	nan	nan
0.5376844680790702	nan	nan	nan	nan	nan	nan	nan	nan	nan	nan	nan	nan	0.9634187553687688	0.017075590794090295	nan	nan	nan	nan	nan	nan
0.5402748715135127	nan	nan	nan	nan	nan	nan	nan	nan	nan	nan	nan	nan	0.9627131441250222	0.01684698883099965	nan	nan	nan	nan	nan	nan
0.5428763426832017	nan	nan	nan	nan	nan	nan	nan	nan	nan	nan	nan	nan	0.9365889671507664	0.01641183776170859	nan	nan	nan	nan	nan	nan
0.5454889526718572	nan	nan	nan	nan	nan	nan	nan	nan	nan	nan	nan	nan	0.9302300108873145	0.01642472695729813	nan	nan	nan	nan	nan	nan
0.5481127731732299	nan	nan	nan	nan	nan	nan	nan	nan	nan	nan	nan	nan	0.9485428415016613	0.01679718963142781	nan	nan	nan	nan	nan	nan
0.5507478764976571	nan	nan	nan	nan	nan	nan	nan	nan	nan	nan	nan	nan	0.9467504268769247	0.01656073219328449	nan	nan	nan	nan	nan	nan
0.5533943355787075	nan	nan	nan	nan	nan	nan	nan	nan	nan	nan	nan	nan	0.9270300328862557	0.016685422227172352	nan	nan	nan	nan	nan	nan
0.5560522239799095	nan	nan	nan	nan	nan	nan	nan	nan	nan	nan	nan	nan	0.9537142846663968	0.01674572737036929	nan	nan	nan	nan	nan	nan
0.5587216159015667	nan	nan	nan	nan	nan	nan	nan	nan	nan	nan	nan	nan	0.936125984907024	0.017055162777511363	nan	nan	nan	nan	nan	nan
0.5614025861876641	nan	nan	nan	nan	nan	nan	nan	nan	nan	nan	nan	nan	0.9332509974958855	0.016435727171199854	nan	nan	nan	nan	nan	nan
0.5640952103328618	nan	nan	nan	nan	nan	nan	nan	nan	nan	nan	nan	nan	0.9845192878275434	0.017401041864429097	nan	nan	nan	nan	nan	nan
0.5667995644895831	nan	nan	nan	nan	nan	nan	nan	nan	nan	nan	nan	nan	0.9287040815469424	0.01656697994910078	nan	nan	nan	nan	nan	nan
0.569515725475192	nan	nan	nan	nan	nan	nan	nan	nan	nan	nan	nan	nan	0.947452040508917	0.016442276202132868	nan	nan	nan	nan	nan	nan
0.5722437707792678	nan	nan	nan	nan	nan	nan	nan	nan	nan	nan	nan	nan	0.9389340280657326	0.01673215455443474	nan	nan	nan	nan	nan	nan
0.5749837785709742	nan	nan	nan	nan	nan	nan	nan	nan	nan	nan	nan	nan	0.9335443994572672	0.016496119574081935	nan	nan	nan	nan	nan	nan
0.5777358277065241	nan	nan	nan	nan	nan	nan	nan	nan	nan	nan	nan	nan	0.9545364985347868	0.017025876777315742	nan	nan	nan	nan	nan	nan
0.5804999977367473	nan	nan	nan	nan	nan	nan	nan	nan	nan	nan	nan	nan	0.9608699994956499	0.017469594542889714	nan	nan	nan	nan	nan	nan
0.5832763689147537	nan	nan	nan	nan	nan	nan	nan	nan	nan	nan	nan	nan	0.9278741381260804	0.01686948098905832	nan	nan	nan	nan	nan	nan
0.5860650222036999	nan	nan	nan	nan	nan	nan	nan	nan	nan	nan	nan	nan	0.9283772264368663	0.017128127688948343	nan	nan	nan	nan	nan	nan
0.5888660392846613	nan	nan	nan	nan	nan	nan	nan	nan	nan	nan	nan	nan	0.9442166664725488	0.01709176307843803	nan	nan	nan	nan	nan	nan
0.5916795025646047	nan	nan	nan	nan	nan	nan	nan	nan	nan	nan	nan	nan	0.92373298880162	0.016827272581662837	nan	nan	nan	nan	nan	nan
0.594505495184472	nan	nan	nan	nan	nan	nan	nan	nan	nan	nan	nan	nan	0.9619588988090996	0.017525722377438574	0.9829833088458316	0.007443878431367292	nan	nan	nan	nan
0.5973441010273697	nan	nan	nan	nan	nan	nan	nan	nan	nan	nan	nan	nan	0.914166594939168	0.017109736309865866	0.9079087654707284	0.018207593392175737	nan	nan	nan	nan
0.6001954047268666	nan	nan	nan	nan	nan	nan	nan	nan	nan	nan	nan	nan	0.9585023989939027	0.017295314563847326	0.9247740771771696	0.01822504318533716	nan	nan	nan	nan
0.6030594916754093	nan	nan	nan	nan	nan	nan	nan	nan	nan	nan	nan	nan	0.9468289532053212	0.01732236402080373	0.9209167186389274	0.018509859344936708	nan	nan	nan	nan
0.6059364480328419	nan	nan	nan	nan	nan	nan	nan	nan	nan	nan	nan	nan	0.9466332357920225	0.017344344457534352	0.920260698443616	0.018146607618504156	nan	nan	nan	nan
0.6088263607350503	nan	nan	nan	nan	nan	nan	nan	nan	nan	nan	nan	nan	0.9515871185729735	0.01739748058615462	0.9256676158405682	0.018561181207290892	nan	nan	nan	nan
0.6117293175027165	nan	nan	nan	nan	nan	nan	nan	nan	nan	nan	nan	nan	0.9502168344088471	0.017933422681783148	0.9358281479502399	0.018619117039421852	nan	nan	nan	nan
0.6146454068501958	nan	nan	nan	nan	nan	nan	nan	nan	nan	nan	nan	nan	0.9700290894631479	0.018289665982248442	0.9187432970340604	0.018224657224965028	nan	nan	nan	nan
0.6175747180945126	nan	nan	nan	nan	nan	nan	nan	nan	nan	nan	nan	nan	0.9197219784366868	0.01747811349123491	0.9227758605855755	0.018383599282619862	nan	nan	nan	nan
0.6205173413644792	nan	nan	nan	nan	nan	nan	nan	nan	nan	nan	nan	nan	0.9430135998769109	0.017892902358306918	0.9529137835198188	0.019306614898678284	nan	nan	nan	nan
0.6234733676099412	nan	nan	nan	nan	nan	nan	nan	nan	nan	nan	nan	nan	0.9242546465839402	0.017192978542360206	0.9330062791349182	0.018796664114320676	nan	nan	nan	nan
0.6264428886111462	nan	nan	nan	nan	nan	nan	nan	nan	nan	nan	nan	nan	0.9306377792413479	0.01814189973614174	0.895285761174208	0.01822612491266697	nan	nan	nan	nan
0.6294259969882428	nan	nan	nan	nan	nan	nan	nan	nan	nan	nan	nan	nan	0.9527946434301403	0.017884001419770264	0.9259255848298462	0.01903777249263369	nan	nan	nan	nan
0.6324227862109124	nan	nan	nan	nan	nan	nan	nan	nan	nan	nan	nan	nan	0.9312556316483721	0.01808534604018277	0.9395645774435436	0.019333317991150095	nan	nan	nan	nan
0.6354333506081286	nan	nan	nan	nan	nan	nan	nan	nan	nan	nan	nan	nan	0.9297243532842319	0.01782728310900053	0.9260959692623417	0.018882263719760654	nan	nan	nan	nan
0.6384577853780571	nan	nan	nan	nan	nan	nan	nan	nan	nan	nan	nan	nan	0.9140922762270537	0.017586789023494656	0.9450315359229244	0.019311224711461232	nan	nan	nan	nan
0.6414961865980893	nan	nan	nan	nan	nan	nan	nan	nan	nan	nan	nan	nan	0.9389392484840658	0.017716834144611556	0.932339726009578	0.018847217111534857	nan	nan	nan	nan
0.6445486512350157	nan	nan	nan	nan	nan	nan	nan	nan	nan	nan	nan	nan	0.9074813982150673	0.017940902181504282	0.9092881173442264	0.018941125253450885	nan	nan	nan	nan
0.6476152771553428	nan	nan	nan	nan	nan	nan	nan	nan	nan	nan	nan	nan	0.9300914159015442	0.02025233791317601	0.9194120104109341	0.019282189252862972	nan	nan	nan	nan
0.6506961631357502	nan	nan	nan	nan	nan	nan	nan	nan	nan	nan	nan	nan	nan	nan	0.9534845930772234	0.02023238616397318	nan	nan	nan	nan
0.6537914088736986	nan	nan	nan	nan	nan	nan	nan	nan	nan	nan	nan	nan	nan	nan	0.9104271249358677	0.019151064832159892	nan	nan	nan	nan
0.6569011149981825	nan	nan	nan	nan	nan	nan	nan	nan	nan	nan	nan	nan	nan	nan	0.950155761131258	0.019220437139409963	nan	nan	nan	nan
0.6600253830806362	nan	nan	nan	nan	nan	nan	nan	nan	nan	nan	nan	nan	nan	nan	0.9252852592700772	0.019349550933470638	nan	nan	nan	nan
0.6631643156459932	nan	nan	nan	nan	nan	nan	nan	nan	nan	nan	nan	nan	nan	nan	0.9379195441817978	0.019944047701734014	nan	nan	nan	nan
0.6663180161838991	nan	nan	nan	nan	nan	nan	nan	nan	nan	nan	nan	nan	nan	nan	0.9316210533835352	0.019710295740083986	nan	nan	nan	nan
0.6694865891600882	nan	nan	nan	nan	nan	nan	nan	nan	nan	nan	nan	nan	nan	nan	0.931384562072561	0.01978291322601932	nan	nan	nan	nan
0.6726701400279161	nan	nan	nan	nan	nan	nan	nan	nan	nan	nan	nan	nan	nan	nan	0.935023969570108	0.019990013511009038	nan	nan	nan	nan
0.6758687752400595	nan	nan	nan	nan	nan	nan	nan	nan	nan	nan	nan	nan	nan	nan	0.9167631085485519	0.019165541095902607	nan	nan	nan	nan
0.6790826022603825	nan	nan	nan	nan	nan	nan	nan	nan	nan	nan	nan	nan	nan	nan	0.9056177993710098	0.019578135289918194	nan	nan	nan	nan
0.6823117295759699	nan	nan	nan	nan	nan	nan	nan	nan	nan	nan	nan	nan	nan	nan	0.9303883885104364	0.020166545310111694	nan	nan	nan	nan
0.6855562667093362	nan	nan	nan	nan	nan	nan	nan	nan	nan	nan	nan	nan	nan	nan	0.9039737008691345	0.019592056414697794	nan	nan	nan	nan
0.6888163242308077	nan	nan	nan	nan	nan	nan	nan	nan	nan	nan	nan	nan	nan	nan	0.8947784014311102	0.01983924919115681	nan	nan	nan	nan
0.6920920137710824	nan	nan	nan	nan	nan	nan	nan	nan	nan	nan	nan	nan	nan	nan	0.9204396852047873	0.02027736407944038	nan	nan	nan	nan
0.6953834480339738	nan	nan	nan	nan	nan	nan	nan	nan	nan	nan	nan	nan	nan	nan	0.9062790816694016	0.020083615975080876	nan	nan	nan	nan
0.6986907408093335	nan	nan	nan	nan	nan	nan	nan	nan	nan	nan	nan	nan	nan	nan	0.9160673833572952	0.0205576431748984	nan	nan	nan	nan
0.702014006986168	nan	nan	nan	nan	nan	nan	nan	nan	nan	nan	nan	nan	nan	nan	0.9404304063058646	0.020483263289341684	nan	nan	nan	nan
0.7053533625659406	nan	nan	nan	nan	nan	nan	nan	nan	nan	nan	nan	nan	nan	nan	0.9498369510304973	0.021196585844377034	nan	nan	nan	nan
0.7087089246760686	nan	nan	nan	nan	nan	nan	nan	nan	nan	nan	nan	nan	nan	nan	0.9298067536212336	0.020377428417726273	nan	nan	nan	nan
0.7120808115836194	nan	nan	nan	nan	nan	nan	nan	nan	nan	nan	nan	nan	nan	nan	0.9353255402800914	0.020259668179011044	nan	nan	nan	nan
0.7154691427092019	nan	nan	nan	nan	nan	nan	nan	nan	nan	nan	nan	nan	nan	nan	0.8985509538641203	0.020291029402774555	0.9109220877848775	0.018071473810528704	nan	nan
0.7188740386410698	nan	nan	nan	nan	nan	nan	nan	nan	nan	nan	nan	nan	nan	nan	0.9028429270582676	0.02038129383378254	0.9096015117866002	0.01803103367480092	nan	nan
0.722295621149423	nan	nan	nan	nan	nan	nan	nan	nan	nan	nan	nan	nan	nan	nan	0.8943084145339482	0.020531911970805415	0.9032500087532088	0.018276080284843333	nan	nan
0.7257340132009268	nan	nan	nan	nan	nan	nan	nan	nan	nan	nan	nan	nan	nan	nan	0.9466581634267914	0.022234053515250755	0.9178323087877646	0.01814749797034425	nan	nan
0.7291893389734432	nan	nan	nan	nan	nan	nan	nan	nan	nan	nan	nan	nan	nan	nan	0.9470555575382842	0.02140728504222323	0.9014517562417015	0.017865253698624572	nan	nan
0.7326617238709777	nan	nan	nan	nan	nan	nan	nan	nan	nan	nan	nan	nan	nan	nan	0.9312752374671556	0.021671429204692696	0.9135542178940851	0.01873282414381793	nan	nan
0.7361512945388542	nan	nan	nan	nan	nan	nan	nan	nan	nan	nan	nan	nan	nan	nan	0.8937409153620305	0.021196607959970203	0.9151059786932705	0.01825359306347191	nan	nan
0.7396581788791092	nan	nan	nan	nan	nan	nan	nan	nan	nan	nan	nan	nan	nan	nan	0.9031134984999007	0.021429367097596116	0.9111539577842848	0.017911497411762095	nan	nan
0.7431825060661196	nan	nan	nan	nan	nan	nan	nan	nan	nan	nan	nan	nan	nan	nan	0.9240392323291203	0.021909124098965286	0.9411031651399865	0.019255245009617762	nan	nan
0.7467244065624649	nan	nan	nan	nan	nan	nan	nan	nan	nan	nan	nan	nan	nan	nan	0.9394192377809257	0.022454959906543205	0.9248980466024007	0.019020678779405636	nan	nan
0.7502840121350225	nan	nan	nan	nan	nan	nan	nan	nan	nan	nan	nan	nan	nan	nan	0.9248447729112392	0.02269865344088765	0.935776565507811	0.019116924440093566	nan	nan
0.7538614558713114	nan	nan	nan	nan	nan	nan	nan	nan	nan	nan	nan	nan	nan	nan	0.98762390559218	0.02339040719493894	0.9107485213663767	0.018613352623779198	nan	nan
0.7574568721960772	nan	nan	nan	nan	nan	nan	nan	nan	nan	nan	nan	nan	nan	nan	0.9313011653714779	0.022090265963598563	0.9308222806600212	0.019300315230939086	nan	nan
0.7610703968881293	nan	nan	nan	nan	nan	nan	nan	nan	nan	nan	nan	nan	nan	nan	0.9406858600976585	0.02324015598384604	0.9418950273299974	0.019445987280832976	nan	nan
0.7647021670974353	nan	nan	nan	nan	nan	nan	nan	nan	nan	nan	nan	nan	nan	nan	0.9359984779303266	0.022970741053289348	0.9450815346954328	0.01898824558828241	nan	nan
0.7683523213624701	nan	nan	nan	nan	nan	nan	nan	nan	nan	nan	nan	nan	nan	nan	0.9341525583653563	0.023413461619508084	0.9613245777848142	0.01989661925196193	nan	nan
0.772020999627835	nan	nan	nan	nan	nan	nan	nan	nan	nan	nan	nan	nan	nan	nan	0.9547671756646822	0.023705943678213808	0.9504463386616687	0.019568917839758494	nan	nan
0.7757083432621412	nan	nan	nan	nan	nan	nan	nan	nan	nan	nan	nan	nan	nan	nan	0.969867309479497	0.025090795244596058	0.943238024321316	0.019398034684508483	nan	nan
0.779414495076168	nan	nan	nan	nan	nan	nan	nan	nan	nan	nan	nan	nan	nan	nan	0.9448141226034834	0.024463389767626045	0.936668400135098	0.019901063540641736	nan	nan
0.7831395993413027	nan	nan	nan	nan	nan	nan	nan	nan	nan	nan	nan	nan	nan	nan	0.9515411511884141	0.024626108538525215	0.9351695758732045	0.01961449684588233	nan	nan
0.7868838018082577	nan	nan	nan	nan	nan	nan	nan	nan	nan	nan	nan	nan	nan	nan	0.956426520121417	0.024371531289215913	1.0017546740171546	0.02169159635885864	nan	nan
0.7906472497260839	nan	nan	nan	nan	nan	nan	nan	nan	nan	nan	nan	nan	nan	nan	0.937750935160445	0.025239458591963568	0.9449739936271931	0.01985762796502276	nan	nan
0.7944300918614716	nan	nan	nan	nan	nan	nan	nan	nan	nan	nan	nan	nan	nan	nan	0.967378776535652	0.02524993264466259	0.9955040389705725	0.020707482251275642	nan	nan
0.7982324785183541	nan	nan	nan	nan	nan	nan	nan	nan	nan	nan	nan	nan	nan	nan	0.9881760197200097	0.02642152842019508	0.9911807397450364	0.020872435756657277	nan	nan
0.8020545615578163	nan	nan	nan	nan	nan	nan	nan	nan	nan	nan	nan	nan	nan	nan	0.9706065235346553	0.02635925998553866	0.9667659476128775	0.020699272585900992	nan	nan
0.8058964944183088	nan	nan	nan	nan	nan	nan	nan	nan	nan	nan	nan	nan	nan	nan	0.9481093558854395	0.025899041806613465	0.9757796770216297	0.021022618876185246	nan	nan
0.8097584321361848	nan	nan	nan	nan	nan	nan	nan	nan	nan	nan	nan	nan	nan	nan	0.9865453735968576	0.02684364016946728	1.0098258538373626	0.021486213721586666	nan	nan
0.8136405313665531	nan	nan	nan	nan	nan	nan	nan	nan	nan	nan	nan	nan	nan	nan	0.9826359757721644	0.02657131376617708	0.9904564762019632	0.021613545849809502	nan	nan
0.8175429504044605	nan	nan	nan	nan	nan	nan	nan	nan	nan	nan	nan	nan	nan	nan	0.9944374992757145	0.027659672555939305	1.0004702906476954	0.021536633002708975	nan	nan
0.8214658492064085	nan	nan	nan	nan	nan	nan	nan	nan	nan	nan	nan	nan	nan	nan	0.9912671325278524	0.02855344402127905	0.9845327598858234	0.021154308042932602	nan	nan
0.8254093894122074	nan	nan	nan	nan	nan	nan	nan	nan	nan	nan	nan	nan	nan	nan	nan	nan	0.9720693078355921	0.021444427242920068	nan	nan
0.8293737343671802	nan	nan	nan	nan	nan	nan	nan	nan	nan	nan	nan	nan	nan	nan	nan	nan	1.0056328477645393	0.02193508746121053	nan	nan
0.8333590491447128	nan	nan	nan	nan	nan	nan	nan	nan	nan	nan	nan	nan	nan	nan	nan	nan	0.9831737788352082	0.021559645164918758	nan	nan
0.8373655005691693	nan	nan	nan	nan	nan	nan	nan	nan	nan	nan	nan	nan	nan	nan	nan	nan	1.0047536690319396	0.022417011544262726	nan	nan
0.8413932572391697	nan	nan	nan	nan	nan	nan	nan	nan	nan	nan	nan	nan	nan	nan	nan	nan	1.0127250285370482	0.02248685046122724	nan	nan
0.8454424895512384	nan	nan	nan	nan	nan	nan	nan	nan	nan	nan	nan	nan	nan	nan	nan	nan	1.0130370741461177	0.02307382432610158	nan	nan
0.8495133697238368	nan	nan	nan	nan	nan	nan	nan	nan	nan	nan	nan	nan	nan	nan	nan	nan	1.0358047188783461	0.023947927938629897	nan	nan
0.8536060718217777	nan	nan	nan	nan	nan	nan	nan	nan	nan	nan	nan	nan	nan	nan	nan	nan	1.023737753303182	0.022697092362646217	nan	nan
0.8577207717810349	nan	nan	nan	nan	nan	nan	nan	nan	nan	nan	nan	nan	nan	nan	nan	nan	1.0349555783186377	0.022813116785974565	nan	nan
0.8618576474339561	nan	nan	nan	nan	nan	nan	nan	nan	nan	nan	nan	nan	nan	nan	nan	nan	1.0258155562215199	0.023561362215503978	nan	nan
0.8660168785348795	nan	nan	nan	nan	nan	nan	nan	nan	nan	nan	nan	nan	nan	nan	nan	nan	1.044410790115023	0.02347945089859415	nan	nan
0.870198646786174	nan	nan	nan	nan	nan	nan	nan	nan	nan	nan	nan	nan	nan	nan	nan	nan	1.0764190698159075	0.02370110025207048	nan	nan
0.8744031358646964	nan	nan	nan	nan	nan	nan	nan	nan	nan	nan	nan	nan	nan	nan	nan	nan	1.0916399247115713	0.02525768862736987	nan	nan
0.8786305314486855	nan	nan	nan	nan	nan	nan	nan	nan	nan	nan	nan	nan	nan	nan	nan	nan	1.0880155389137272	0.025086548242234104	nan	nan
0.8828810212450984	nan	nan	nan	nan	nan	nan	nan	nan	nan	nan	nan	nan	nan	nan	nan	nan	1.0771876265422906	0.02499357359915353	nan	nan
0.8871547950173878	nan	nan	nan	nan	nan	nan	nan	nan	nan	nan	nan	nan	nan	nan	nan	nan	1.1389941590217993	0.02707753878008246	nan	nan
0.8914520446137496	nan	nan	nan	nan	nan	nan	nan	nan	nan	nan	nan	nan	nan	nan	nan	nan	1.1352480481032994	0.0265172054852782	nan	nan
0.8957729639958251	nan	nan	nan	nan	nan	nan	nan	nan	nan	nan	nan	nan	nan	nan	nan	nan	1.13586766112045	0.02752985697246436	nan	nan
0.9001177492678871	nan	nan	nan	nan	nan	nan	nan	nan	nan	nan	nan	nan	nan	nan	nan	nan	1.1574328053470782	0.028458765948096796	nan	nan
0.9044865987065075	nan	nan	nan	nan	nan	nan	nan	nan	nan	nan	nan	nan	nan	nan	nan	nan	1.198700153232264	0.028642682168991872	nan	nan
0.9088797127907182	nan	nan	nan	nan	nan	nan	nan	nan	nan	nan	nan	nan	nan	nan	nan	nan	1.1759808360784652	0.028705026173545076	nan	nan
0.9132972942326805	nan	nan	nan	nan	nan	nan	nan	nan	nan	nan	nan	nan	nan	nan	nan	nan	1.239511873785928	0.030218285313526768	nan	nan
0.9177395480088621	nan	nan	nan	nan	nan	nan	nan	nan	nan	nan	nan	nan	nan	nan	nan	nan	1.211832905491484	0.030187354555525236	nan	nan
0.9222066813917427	nan	nan	nan	nan	nan	nan	nan	nan	nan	nan	nan	nan	nan	nan	nan	nan	1.248014317268492	0.03169224970697987	1.2494196567517952	0.02848256272035546
0.9266989039820537	nan	nan	nan	nan	nan	nan	nan	nan	nan	nan	nan	nan	nan	nan	nan	nan	1.3157265432245508	0.032537517087882266	1.2846018132714734	0.032911288489510096
0.9312164277415578	nan	nan	nan	nan	nan	nan	nan	nan	nan	nan	nan	nan	nan	nan	nan	nan	1.2526313572473597	0.030726128526827993	1.3236345465460473	0.03527178092962396
0.9357594670263908	nan	nan	nan	nan	nan	nan	nan	nan	nan	nan	nan	nan	nan	nan	nan	nan	1.2833907330699075	0.03308457362273743	1.341192107299258	0.03490019037853769
0.9403282386209655	nan	nan	nan	nan	nan	nan	nan	nan	nan	nan	nan	nan	nan	nan	nan	nan	1.359502983966966	0.03406970510326291	1.3484429645365734	0.03597544011084759
0.9449229617724528	nan	nan	nan	nan	nan	nan	nan	nan	nan	nan	nan	nan	nan	nan	nan	nan	1.2939084097904148	0.033800514090898716	1.316634114904486	0.03502983439987316
0.9495438582258579	nan	nan	nan	nan	nan	nan	nan	nan	nan	nan	nan	nan	nan	nan	nan	nan	1.3339815131078883	0.035292679987289514	1.3552996166404903	0.0373364056771202
0.9541911522596872	nan	nan	nan	nan	nan	nan	nan	nan	nan	nan	nan	nan	nan	nan	nan	nan	1.3842644016062013	0.03713231888886305	1.3120062411902504	0.036128539400398174
0.9588650707222411	nan	nan	nan	nan	nan	nan	nan	nan	nan	nan	nan	nan	nan	nan	nan	nan	1.3379663763769065	0.03689484016977448	1.317254403543569	0.036179898359362576
0.9635658430685217	nan	nan	nan	nan	nan	nan	nan	nan	nan	nan	nan	nan	nan	nan	nan	nan	1.2669379406295425	0.034441221347327355	1.32442950323292	0.037143685522930764
0.9682937013977817	nan	nan	nan	nan	nan	nan	nan	nan	nan	nan	nan	nan	nan	nan	nan	nan	1.3018390916561837	0.03547029918571704	1.305200144615018	0.037496297572226285
0.9730488804917309	nan	nan	nan	nan	nan	nan	nan	nan	nan	nan	nan	nan	nan	nan	nan	nan	1.2610682994611062	0.034131144088769334	1.2923233956871558	0.03736213654869964
