0.18205443805914684	1.0871576619134178	0.01927006719857346
0.1833081725129778	1.084244915759402	0.019152542991182787
0.18456556978122354	1.0350492524098154	0.018585729568490132
0.18582664593886225	1.098527616357363	0.01990686215216055
0.18709141715507419	1.0586952334918611	0.01940698353739614
0.1883598996939326	1.054341957543789	0.019361637942850184
0.18963210991510127	1.0658296215186471	0.019694745358687725
0.19090806427453735	1.0535848678720945	0.019238417397153193
0.19218777932520123	1.0391816525002893	0.019173548014386897
0.1934712717177721	1.053906182353805	0.01960978483642276
0.1947585582013704	1.0052723319280579	0.018911856149027136
0.196049655624286	1.0526632225643977	0.019486992635889388
0.1973445809347138	1.0865250249907696	0.01988571157216716
0.19864335118149476	1.0985648430739237	0.02013832118680071
0.19994598351486448	1.070004343662236	0.019998077431084203
0.20125249518720786	1.0764425980356425	0.020110435406993463
0.2025629035538211	1.044778051661307	0.019539680775699994
0.2038772260736799	1.0560732961023391	0.01971385256887481
0.20519548031021473	1.0960695369970306	0.020473151636118517
0.20651768393209363	1.0460913816054294	0.019707002724975633
0.20784385471401115	1.0539329905795034	0.0198362903466759
0.20917401053748502	1.0610953803143144	0.019974355150437183
0.21050816939165995	1.0760768922118114	0.02006660196551177
0.21184634937411853	1.070651207211916	0.02021439277153778
0.21318856869169936	1.0691886706003992	0.020369370974390174
0.21453484566132303	1.0774129661656653	0.02034952605742683
0.2158851987108252	1.0503716848876212	0.020225422857377728
0.2172396463797975	1.0764666087936163	0.020442939123824683
0.21859820732043583	1.0516171191557084	0.02011982165332599
0.2199609002983968	1.0836609499761842	0.02088110319559254
0.22132774419366177	1.0476811826596937	0.020627936251331403
0.22269875800140837	1.023253615996711	0.0200726748795031
0.2106545092459443	1.0503535777950828	0.013052305814778859
0.21215381477672526	1.0424176200091302	0.013021033630640977
0.2136581910126337	1.0688014926856493	0.01350417495074614
0.21516766372120327	1.0585039530328348	0.013513159718998724
0.2166822588448523	1.0391062241675664	0.013296624395011232
0.21820200250237035	1.03806472872012	0.01326180543866047
0.2197269209904196	1.027665773142497	0.013128472710670452
0.22125704078505123	1.0201350556577824	0.012920757770157075
0.2227923885432382	1.06038271549342	0.013645254069461418
0.224332991104423	1.0334129764654878	0.013245493793169676
0.22587887549208158	1.0566547308127976	0.013732075675646412
0.22743006891530368	1.0829346914461662	0.013754961567078597
0.22898659877038893	1.0330218756646714	0.013326724311587544
0.23054849264245975	1.0569291784275623	0.013759597075718834
0.23211577830709118	1.0459284601425	0.013402022265005177
0.23368848373195708	1.0461516370594979	0.01360370912874539
0.2352666370784938	1.0397705160288253	0.01353920098157372
0.23685026670358142	1.09138123988743	0.014079886123149244
0.23843940116124157	1.0183871332268881	0.013225251788270663
0.24003406920435413	1.0474175507180563	0.013559543173167323
0.24163429978639134	1.0607704782762322	0.013852358984743995
0.24324012206316978	1.0506408831015148	0.013785164900128674
0.24485156539462127	1.049155971758672	0.013691872694597946
0.24646865934658269	1.0336745304725967	0.013437264043482779
0.24809143369260325	1.074364077577939	0.01414553922984968
0.24971991841577276	1.051857826704737	0.0139244092097545
0.2513541437105675	1.079870177049969	0.01427185604532998
0.2529941399847169	1.021712663880724	0.01351894597024946
0.2546399378610893	1.0481245605415597	0.014042050140271708
0.256291568179598	1.0321893922671346	0.0137460808117605
0.25794906199912776	1.0695140362110023	0.014447143134116795
0.25961245059948146	1.0413011917109503	0.014069735839971493
0.24560570312520572	1.02863275308718	0.011816486507773916
0.24742307116175496	1.0418350236191782	0.012098133124184892
0.24924760941949398	1.0564600488995157	0.012317859125768067
0.2510793604162493	1.026094521571206	0.012011300115807588
0.2529183670066749	1.0398962108789191	0.012252083294205693
0.2547646723855946	1.0323522698428735	0.012198846468506042
0.2566183200913835	1.0280083301289025	0.012235949695959494
0.25847935400939076	1.0479040327627969	0.012488829291926355
0.26034781837540266	1.0411321584549136	0.012392441433485366
0.26222375777914775	1.0306503307355082	0.01228199125294241
0.2641072171678437	1.0331526907247306	0.012249395483360279
0.26599824184978743	1.0449258927832037	0.012463402264668083
0.267896877497988	1.0467198486723004	0.012441154109177538
0.26980317015384386	1.0195948065061378	0.012226499773822432
0.27171716623086445	1.0305028579439683	0.012283819285546163
0.273638912518437	1.04823646316166	0.012547695561479118
0.27556845618564013	1.0586566793873937	0.012694773731516791
0.2775058447851016	1.0261332915034778	0.01240320153767205
0.2794511262569061	1.0379426032066024	0.01244908271269362
0.2814043489325489	1.0520398367266168	0.012766808346082596
0.2833655615389387	1.0625669302558505	0.012828340882306343
0.2853348132024498	1.041964978188118	0.01264238349853175
0.2873121534530239	1.0494370322775082	0.01280163604587177
0.28929763222832283	1.0636847981967181	0.012982235151279197
0.2912912998779324	1.0357091150933093	0.012643955671603011
0.2932932071676187	1.0263644707734516	0.012638706581539967
0.29530340528363686	1.0280166523303087	0.012610321467668289
0.29732194583709376	1.0371970894191807	0.012699457558028279
0.2993488808683654	1.0321107813951569	0.012891876295541888
0.30138426285156855	1.0241911688090437	0.012732314174871738
0.30342814469908996	1.0670400268351157	0.013346940845036091
0.3054805797661701	1.028330347275458	0.013035905494648286
0.287012429315267	1.036706278870912	0.012141373964476196
0.28923219044836973	1.005891575572271	0.011972234873446008
0.29146219269396667	1.037767716861335	0.012338850454762464
0.2937025070886762	1.0368668057080113	0.012358636319438438
0.2959532053276252	1.038156827280599	0.012516530077445787
0.2982143597720979	1.0322258993785043	0.012458885380412874
0.30048604345729	1.0285102111396014	0.01240104193745896
0.30276833010017257	1.019521099399983	0.01236628050947877
0.30506129410746624	1.0386763719890189	0.01250988213942516
0.30736501058372734	1.0374873401221032	0.012601926918421998
0.30967955533954783	1.0480306833516182	0.012795714918300968
0.31200500489987154	1.011313119866392	0.012442001460044191
0.31434143651242824	1.025073661506963	0.012527858748371066
0.31668892815628696	0.9980781032717729	0.01228753162544714
0.31904755855053174	1.0366982323978176	0.012773122413408472
0.3214174071630606	1.0358052666151705	0.01277596733640792
0.323798554219511	1.0555152893574256	0.01311811174946356
0.3261910807123124	1.0266470682002984	0.012712282643964205
0.3285950684098697	1.0398605816088415	0.01284985453023555
0.3310105998658788	1.0379335995776933	0.012811445035274613
0.3334377584287758	1.0156745682099277	0.012709609376214029
0.3358766282513251	1.0401594739768596	0.013115208236531515
0.33832729430034375	0.9990968881793708	0.012599635919138399
0.3407898423665698	1.0014240517596886	0.012650192618930777
0.34326435907467284	1.0288783662120407	0.012953206420356897
0.34575093189341244	1.0123696826332709	0.012970599690912292
0.348249649145943	1.0021997931594906	0.012878786254070775
0.35076060002027315	1.0447107859232934	0.013415952040286177
0.3532838745798758	1.0236465621380642	0.013221696121285672
0.35581956377445834	1.0250364408893606	0.013280607702451467
0.3583677594508882	1.0563677661518365	0.01374095044950889
0.3609285543642844	1.0145402906699288	0.013529320796024034
0.3389381970125749	1.0326092603035375	0.009298631988812868
0.3417018319542989	1.0209240636550025	0.009315264199674027
0.34448053657601213	1.0267868403085196	0.009493029363172856
0.3472744344736911	1.0291872243838818	0.00955990712583456
0.3500836505986019	1.0252080946439732	0.009568261553552818
0.35290831127592903	1.029165120913628	0.0096124856560664
0.35574854422371094	1.010242882768214	0.009571947498216654
0.35860447857209005	1.0057297672667447	0.00948172843866415
0.3614762448828826	1.0144887002277914	0.009668872323558904
0.36436397516947583	1.0106123495273627	0.009582929708740986
0.3672678029170562	1.0236389574374714	0.009809039024044532
0.3701878631031789	1.017717096218882	0.009682226326370464
0.3731242922186811	1.0234861604844778	0.009733223063746355
0.37607722828895	1.0230551637197471	0.009688937298324913
0.37904681089554904	1.0090250131604646	0.009669660682428657
0.3820331811982115	1.0201026894804694	0.00981039119110751
0.3850364819572079	1.007104498778278	0.00974225807514663
0.3880568575560955	1.016190832358928	0.009822359999689011
0.3910944540248561	0.9926347887494652	0.009597909737170191
0.3941494190634314	0.9882562222976626	0.009594038569946506
0.3972219020656625	1.0064669137511846	0.009772090289896273
0.4003120541436435	1.0161055992364298	0.00991244610771693
0.4034200281524953	1.016860203153138	0.00997157071090504
0.40654597871557036	1.0019508444846947	0.009897532450340911
0.4096900622500949	1.0189551355135176	0.010056627641683429
0.41285243699325974	1.0044490530851562	0.010061146660988588
0.416033263028767	1.014178870373364	0.010118447440834124
0.41923270231384385	1.0106682419964386	0.010141233743502103
0.4224509187067301	0.9906879531732322	0.009980499590807173
0.4256880779946537	1.0066427610982494	0.010267602872864112
0.42894434792229896	1.0160258234701467	0.010390767061357869
0.4322198982207826	0.9952271392761077	0.010386465455404333
0.40427970956209214	0.9981984961336743	0.008596137494295079
0.4077898811258455	1.000601983376834	0.008657943465268715
0.411322907093919	0.9999661023215873	0.008724317054642997
0.4148790113997054	0.9993798528421903	0.008692312776659954
0.41845842091172714	0.9979178101669884	0.008916839715230789
0.4220613654818837	0.9829216571282372	0.008740357715550545
0.4256880779946537	0.9932703007721962	0.008890150042362729
0.42933879441727296	0.9944099759552469	0.008944317802065057
0.43301375385091395	1.0001457696021052	0.008988149806000491
0.4367131985828867	1.00346652653623	0.009033096290292603
0.4404373741398875	0.9895914329732421	0.009013142403518347
0.4441865293423189	0.9852462576673938	0.008949524738223967
0.4479609163597058	1.0109598227228613	0.009258644630547052
0.4517607907672353	0.9922859084403441	0.009005048506875207
0.4555864116034446	0.9863652800191911	0.00907471904689483
0.45943804142908673	1.00955971940358	0.009264745837887806
0.46331594638720003	0.9842847547034222	0.009122934327839985
0.46722039626441153	0.9959951806989964	0.009282665259243851
0.47115166455350366	0.9816662431348955	0.009143571275426737
0.47511002851727435	0.9824079210400901	0.009242208223223507
0.47909576925372244	0.9847813999514896	0.00922366893304916
0.48310917176259044	0.9952092689632895	0.009512196817369617
0.4871505250132969	0.9724199596627398	0.009283039381065438
0.49122012201429394	0.9963826125991782	0.009566833184214744
0.49531825988388245	0.9776581358995761	0.009479880471551884
0.4994452399225253	0.9726535080992066	0.009488320557709908
0.5036013676866893	0.9972899263491626	0.00974685353134036
0.5077869530642605	0.9890562623973264	0.009768584096320993
0.5120023103515655	0.975924095049752	0.009641883808167195
0.5162477583320458	0.9658417501585551	0.009769439363127323
0.5205236203566198	0.9870418282999965	0.010064649039612274
0.5248302244257795	1.0053022481335692	0.01038728651567002
0.4872977546357104	0.9941738915528932	0.00697246208146767
0.4918564726925381	0.9821593809126726	0.006950509299729436
0.4964510150567179	0.9933821561031025	0.007067150384693528
0.5010818056775528	0.9734110776979149	0.006980156284236976
0.5057492752202625	0.9807758687689722	0.0071248914202991735
0.510453861199499	0.9819459807662668	0.007130845576025505
0.5151960081160597	0.9857376978228205	0.007204616275472017
0.5199761675968879	0.9984527740762303	0.007292358398713588
0.5247947985384536	0.9955456089227076	0.007387263394674981
0.5296523672536091	0.9722311717350016	0.0071841379836024835
0.5345493476220224	0.9850055398544411	0.007353894132757419
0.5394862212442829	0.975687626627584	0.007212612719354523
0.5444634775997912	0.9907226637478007	0.007428718877233783
0.5494816142085392	0.9823239274687326	0.007438968492824753
0.5545411367968933	0.9630619067971332	0.00726687539607705
0.559642559467494	0.972437884236247	0.00740332970627233
0.5647864048733967	0.978795599173854	0.007441309296335936
0.5699732043965752	0.9783356333433416	0.007515953455268657
0.5752034983309124	0.9785354471363243	0.007566310475003375
0.580477836069818	0.9729142011512558	0.007556087689603356
0.5857967762986028	0.9807372813194838	0.0076803395993080194
0.5911608871917573	0.9742797570675229	0.007677715112496311
0.5965707466152735	0.9864514057825132	0.0077663126547024685
0.6020269423341702	0.9713547801306895	0.0077784733535884824
0.6075300722253699	0.9826648301019595	0.007953196085725527
0.6130807444960961	0.9762269852039415	0.007882839981541009
0.6186795779079517	0.9699311994520935	0.007970336315636865
0.6243272020068603	0.9767443452006658	0.008127736203182473
0.6300242573590399	0.9721548395675595	0.008139175304228169
0.635771395793205	0.9733746033151158	0.008222250217264433
0.6415692806491814	0.9619472590447663	0.008285062386170319
0.647418587033136	0.9584575720320244	0.00837972269824648
0.5986769252439875	0.959030985598317	0.007911794809287252
0.6048186554780532	0.9487695874540157	0.008059609412901085
0.6110197882059921	0.9459398157033005	0.0081498763917662
0.6172811894224561	0.9582043823181433	0.00828105069881537
0.6236037420374119	0.957463603491245	0.008423083619451526
0.6299883462911715	0.948779087890372	0.008431139073116095
0.636435920181703	0.9513255243017767	0.008572054648824552
0.6429473999046492	0.9495575866705237	0.008627436981952282
0.6495237403064936	0.9584529794163076	0.00878497081090807
0.6561659153513356	0.9572933449499724	0.00882531470972286
0.662874918601757	0.9389722491146605	0.0089169641868543
0.6696517637142737	0.9588359192536445	0.009073492987169614
0.6764974849498954	0.9526386596415258	0.00920910756521064
0.683413137700331	0.9511856832439443	0.009292842276453437
0.6903997990304044	0.9400419975057671	0.0094020311326807
0.6974585682372619	0.9570302361837683	0.009587089627576423
0.7045905674269878	0.9712101093258207	0.009952514113265977
0.7117969421092561	0.9490817417339583	0.009924140174042795
0.7190788618106851	0.9451308597764341	0.009994158472043189
0.7264375207075839	0.953747199308564	0.010235608428876082
0.7338741382788059	0.9729858223740523	0.010493151650986214
0.741389959979468	0.9576369323713004	0.010732041164795604
0.7489862579363038	0.9860644550971349	0.01109287264925087
0.756664331665481	0.980635286326817	0.011307020192641754
0.764425508813721	0.9506874004470451	0.011344094033009892
0.7722711459236181	0.9828010715668487	0.0119307845783865
0.7802026292240775	0.9968506704490457	0.012410711831017357
0.7882213754468463	1.009564668565458	0.012828277441466867
0.7963288326701393	1.0059902642532172	0.013136863815865528
0.8045264811904247	1.0076735894613242	0.013620281571683997
0.8128158344234636	1.0295849032396966	0.014238644769972724
0.8211984398357598	1.0323566608215653	0.014803518725943996
0.7178385538562371	0.9564621036008053	0.007057919620030567
0.7258981018811559	0.9549533989201356	0.00714321283530902
0.7340512973146622	0.9453862667049775	0.007172367838003725
0.7422997818899769	0.9687654035974194	0.007562358896866572
0.7506452359408675	0.952079161306679	0.0074952113490920486
0.7590893795428301	0.9666950938369986	0.007819287226634688
0.7676339736949974	0.9798315927934745	0.00808995006805199
0.776280821544477	0.9809975018823951	0.008094317774013716
0.7850317696549114	0.9799256540734479	0.00822865680009337
0.7938887093211311	0.9964642217317987	0.008554948194288304
0.8028535779318692	1.0013503230085288	0.008716712297430925
0.8119283603825969	1.0169513286774263	0.008958907494527223
0.8211150905406476	1.0264852624384815	0.00924409281978881
0.8304158527648986	1.0490048302770143	0.009623457857510452
0.8398327834823965	1.0672974450669446	0.009913214721880068
0.8493680728244305	1.092130628549523	0.010460852913395232
0.8590239663246859	1.0959234366657806	0.010767356234210965
0.8688027666822451	1.1425975099312997	0.011459072690125143
0.8787068355923388	1.1784937755212006	0.012095123531965197
0.8887385956479095	1.2247699183860512	0.01295372504147102
0.8989005323152024	1.2818871561049388	0.014084753808609057
0.9091951959867659	1.3095871603914737	0.014922930874308696
0.9196252041154244	1.3125553432649621	0.015344497555545995
0.9301932434329746	1.3227318547474918	0.01611962243376147
0.9409020722575568	1.3434949638949663	0.016860281466472515
0.9517545228938621	1.311619030680761	0.017029585642033895
0.9627535041305598	1.2547524382893802	0.017224740793243355
0.9739020038395787	1.139523297337344	0.01621284260758867
0.985203091682112	1.050540623361166	0.01583112422637218
0.9966599219265022	0.9825723205527418	0.01547823436618947
1.0082757363834325	0.9512134503652446	0.015968415304793423
1.0200538674641655	0.9725328407685699	0.01711353207322348
0.9266088122889723	1.3398227950817319	0.014889084859918156
0.9385890602566367	1.381418999355853	0.01632087588941259
0.9507496061072945	1.3274627683048115	0.01635113379727231
0.9630945508151936	1.2524494277296432	0.016350510034436994
0.9756281206766336	1.1312304182135944	0.015597614616031028
0.9883546721339812	1.0441870376740507	0.015208210256801547
1.0012786968242386	0.9676601728258479	0.014708182915064962
1.014404826864469	0.9664968928607282	0.015753486432021898
1.0277378403871236	1.044906001416817	0.018181618317352044
1.0412826673391913	1.1779687912065633	0.021745148887160785
1.0550443955599322	1.3907294320677828	0.02781713517985069
1.0690282771529538	1.6413295128828027	0.03454636484578874
1.0832397351693848	1.9808502635626937	0.04432983669001974
1.0976843706200201	2.3654843214240886	0.0560089916172124
1.1123679698354731	2.8748942359918375	0.07424685400065606
1.1272965121946696	3.336823738083591	0.09152072376646436
1.1424761782433541	3.873005484937884	0.11381670752373459
1.1579133582257783	4.002462757131397	0.1278393714139352
1.1736146610543043	4.5258622010945695	0.1545782569463599
1.1895869237433838	4.845746995317875	0.180108336437834
1.2058372213361885	4.347832296592344	0.17534942862997022
1.2223728773541975	4.954286155249221	0.21931449211640264
1.2392014748021316	4.7241457877528	0.23158531301370458
1.2563308677630145	5.5099507904201594	0.2884779665425713
1.2737691936205822	5.540889773228094	0.32288383098412665
1.2915248859490172	5.020691301151803	0.33301728165225103
1.3096066881128983	5.606872485613291	0.39233576732155184
1.3280236676234496	5.197201501557541	0.41582902459180526
1.3467852313006037	4.94666587698896	0.44529171659078315
1.3659011412941677	6.082791027130465	0.586941822383834
1.3853815320213956	4.6670970350683705	0.5030207248566124
1.4052369280827326	6.290082491928399	0.7649756454587063
