2.23245 1.0001406114991969	0.010141808320677093
2.24455 0.9825378362903477	0.010052869412096653
2.25665 0.96695945484804	0.010051844981555329
2.26875 1.0101400888509162	0.010372639718289204
2.28085 0.9929101038803627	0.010327583740258292
2.29295 0.9894256761597876	0.010307934967638438
2.30505 1.0007995156786318	0.010413367945592111
2.31715 0.9757039955657852	0.010246055543447511
2.32925 0.9793605593647146	0.010283434674842403
2.34135 0.9951086293200435	0.010437229522322965
2.35345 0.9852577201918612	0.010371047535850242
2.36555 0.9856867820908011	0.010369604474749506
2.37765 0.9846339795531838	0.010349777542519527
2.38975 0.9891413260550721	0.010412074276877587
2.40185 0.99912121845882	0.010496368742105399
2.4139500000000003 0.9994346710549344	0.010524969952521787
2.4260499999999996 0.9783752877881944	0.010382419851307893
2.4381500000000003 0.9843521214609284	0.010464731419689448
2.45025 0.9993358213546066	0.010568530773490502
2.4623500000000003 0.9813548973354125	0.010429659061623242
2.47445 0.9784234466584091	0.010526064011483774
2.4865500000000003 0.9799341617063844	0.0105165288149662
2.49865 0.9719424587310602	0.01047627725574996
2.5107500000000003 0.978592141190688	0.010586441268225024
2.52285 0.9861642861537925	0.010630743029946415
2.5349500000000003 0.9653045835993465	0.010546390959729725
2.54705 0.9747711284002356	0.010643759303577879
2.5591500000000003 0.9695866561553583	0.010637695636499805
2.57125 0.9575146786795358	0.01060830905015752
2.58335 0.9763662634742354	0.010806873000051372
2.59545 0.9840804993858155	0.010874447733535745
2.60755 0.9612376049124208	0.010763042109377846
2.499975 0.9812600610964046	0.009259629459352232
2.513525 0.975593042518267	0.009256612343300302
2.527075 0.9912085651775315	0.009448105558853772
2.540625 0.9924880602945987	0.00949153647424274
2.554175 0.9827800929145042	0.009481093858638469
2.567725 0.9802012271246989	0.009473114812029714
2.581275 0.9679620608185804	0.009427080273308503
2.594825 0.9533226785337463	0.009337251137295105
2.608375 0.990900131620226	0.009583411796599037
2.621925 0.9717928630133342	0.009478417978120863
2.635475 0.9972802729155004	0.009689480938988445
2.649025 0.9741172482600776	0.009515439241613648
2.662575 0.9757227576632974	0.009529459366325597
2.676125 0.9985889287029293	0.009677972915918372
2.6896750000000003 0.9707659076683808	0.00950949813089786
2.703225 0.9895371234900884	0.00964127902398992
2.7167749999999997 0.9851665306610011	0.0096521645997904
2.730325 0.9880109794130394	0.009692963476016541
2.743875 0.966868453065317	0.009559436502104474
2.757425 0.9724673011812239	0.009619395164752074
2.770975 0.9859292895991211	0.009747487183220509
2.7845250000000004 0.9816162706108996	0.009748402107929169
2.798075 0.9741394211517584	0.009720651574793765
2.8116250000000003 0.9553012535510009	0.00964028969322752
2.8251749999999998 0.9840501625388707	0.009847844914228705
2.838725 0.9793519444559803	0.009826175855376143
2.852275 0.9794080529205209	0.009914412702466707
2.865825 0.9520995012981083	0.009747167238163578
2.879375 0.9753026845613921	0.00995141797078174
2.8929249999999995 0.9544823010116497	0.00984987693950684
2.906475 0.9870347233916086	0.010126419900706705
2.920025 0.9652187581870193	0.010014676864000557
2.8044 0.9713051959621003	0.007650843822568705
2.8196 0.9772393211917026	0.007770931698575021
2.8348 0.9813160768336482	0.007864297249204481
2.85 0.9687762422736433	0.007784094446670916
2.8652 0.978688333192482	0.007886798021069246
2.8804 0.9789787909466982	0.007865983902285762
2.8956 0.9813968303997138	0.007915780407176854
2.9108 0.9953757932676757	0.007980272737294828
2.926 0.9838900813158622	0.007951735956919916
2.9412000000000003 0.9779136709101558	0.007922052309129204
2.9564 0.9760363406134026	0.007907672662886748
2.9716 0.9846998475679677	0.00798124835874012
2.9868 0.980389802480044	0.007970843830272658
3.0020000000000002 0.9762883435427817	0.00795977654455294
3.0172000000000003 0.9733415834524267	0.007956578259911248
3.0324 0.9847721645095442	0.008007212128128714
3.0476 0.9878883856272096	0.008041448681916509
3.0628 0.9793585794243745	0.008008848236471782
3.078 0.9757179485440829	0.00799419341388335
3.0932000000000004 0.9930459386476723	0.008122130013503332
3.1084 0.9891493033890546	0.008136024830511585
3.1236 0.9807377118339151	0.008089875546770186
3.1388 0.9838470933986126	0.00816865758525899
3.1540000000000004 0.9891366103979989	0.008216249109002566
3.1692 0.9726385215926099	0.008139548217714477
3.1844 0.971536639387282	0.008192198660374917
3.1996 0.9652300659293763	0.008163962797898385
3.2148000000000003 0.9592361690046773	0.008170204513760545
3.23 0.9803294887893363	0.0083296054800626
3.2451999999999996 0.9606902433712957	0.008237768188603615
3.2604 0.9862607758670723	0.008430230436687244
3.2756 0.9782177497908133	0.008428767509080294
3.1365 0.9812722451493909	0.007798357984630463
3.1534999999999997 0.9764583388888641	0.007847385476135834
3.1705 0.9830799069682606	0.007921919450971442
3.1875 0.976169632689884	0.007934245322174984
3.2045 0.988607283486379	0.008022682620591812
3.2215 0.9824878488476736	0.008017273535540744
3.2385 0.9789395514119795	0.008025783574938378
3.2555 0.9769149204900869	0.008027823450439711
3.2725 0.9778956878865938	0.008040730050140067
3.2895 0.9854939224564027	0.008094859572833535
3.3065 0.9958130642533648	0.008172839029239837
3.3235 0.9827127559881077	0.008136130325865841
3.3405 0.9838162568698451	0.00813958338095687
3.3575 0.9780550617469763	0.0081010147948385
3.3745000000000003 0.9946593991415948	0.008208916205180604
3.3915 0.9898910238158831	0.008225711145019384
3.4084999999999996 1.0071829447129708	0.008359130224805321
3.4255 0.9845407490754933	0.008238538581202461
3.4425 0.9835422630811779	0.008237894397892562
3.4595000000000002 0.9748147578646782	0.0082426359535612
3.4764999999999997 0.9752440646034366	0.00827665573480674
3.4935 0.9997059683627189	0.008437698619538948
3.5105 0.968135451794974	0.008299539419482924
3.5275000000000003 0.9671184710481814	0.00832918765515626
3.5444999999999998 0.9742582921602712	0.008364444632653019
3.5615 0.9805056543702795	0.00848177441466812
3.5785 0.9762624681768052	0.0084907389947001
3.5955000000000004 0.9900851943010753	0.008601189872855481
3.6125 0.9763082832691437	0.00858635439306058
3.6294999999999997 0.9796166196033339	0.008611636091002453
3.6465 0.9885086246486491	0.008740772513276608
3.6634999999999995 0.9956071372587644	0.008844730897057965
3.514725 0.9783265098722669	0.005920031933646594
3.533775 0.9769171736929664	0.005961510770940766
3.552825 0.9878556652337992	0.006059550172457685
3.571875 0.9895650478579081	0.006100016870591737
3.590925 0.9886694959321682	0.00611635977500492
3.609975 0.9897238960329355	0.006136000185005033
3.629025 0.9908525915085575	0.006152415925856176
3.648075 0.9813083914485564	0.006127035312863941
3.667125 0.9977135250270807	0.006213649841323962
3.686175 0.9871676516079468	0.006161376680020015
3.705225 1.003225090156527	0.006263963955044412
3.724275 0.9881090726552012	0.006197942740395318
3.743325 0.9929264358401412	0.006211615374762346
3.762375 0.9834816849471893	0.006184603352177369
3.781425 0.9855490949690242	0.0062050015396035605
3.800475 0.9979055072969985	0.0062570068720348634
3.819525 0.992642188695806	0.006272895778104064
3.838575 0.9905295495641983	0.00629498624540594
3.857625 0.9775975884568363	0.006206329469573502
3.8766750000000005 0.97327957912077	0.0062357787103822365
3.895725 0.9789418839699147	0.006279044100780366
3.9147750000000006 0.9853227613589884	0.006340717715033898
3.933825 0.988471029895711	0.006374555048974487
3.9528750000000006 0.9820950099749735	0.006386927686978108
3.971925 0.9794280446250551	0.006418476223021865
3.9909750000000006 0.9849113959617324	0.006476592486061138
4.010025 0.9804327279022041	0.0064892368444760115
4.029075000000001 0.9780025956826978	0.006510611592143496
4.048125 0.9658374904765117	0.00648483724776964
4.067175 0.9834248480833016	0.006596332897418411
4.086225 0.9846705452901132	0.006667859202785934
4.105275 0.9878638520230532	0.006721503149178606
3.9390749999999994 0.9863137299501018	0.005689041143812168
3.9604249999999994 0.9842067418943249	0.005724350848682634
3.9817749999999994 0.9838252192753082	0.005761067507819866
4.003125 0.9748183341735095	0.005738740667094328
4.024475 0.996210709329766	0.00590347029104976
4.045825 0.9828991886537534	0.005830310991776449
4.067175 0.9905103610692509	0.005886609816517401
4.088525 0.9928286441462062	0.005923359268854974
4.109875 0.9911369033064029	0.00591852509645915
4.131225 0.992605123019997	0.005951662484688259
4.152575 0.9956102432893021	0.005972489155000955
4.173925 0.9859554314160937	0.005951107521887789
4.195275 1.0047110834120772	0.006071067788406181
4.216625 0.9797052807571359	0.005940653622888991
4.237975 0.988661287956444	0.00602693842887106
4.259325 0.9947567875604633	0.0060808549247812595
4.280675 0.9866091084879832	0.006043405173162156
4.3020249999999995 0.9911237440263233	0.006128698005168314
4.3233749999999995 0.9813605242795941	0.0060801903708259004
4.3447249999999995 0.9858176770677847	0.006134626156002187
4.3660749999999995 0.9776520915328294	0.0061169845461904815
4.3874249999999995 0.9996815488784997	0.006274043154688448
4.4087749999999994 0.9758330280251908	0.006191110442739029
4.430125 0.9890626148005834	0.006314266249506661
4.451474999999999 0.9826165984410073	0.006313052965495667
4.472825 0.9794661694598088	0.00632243752000218
4.494174999999999 0.9865916316831532	0.006428019506369417
4.515525 0.9839677286364666	0.006469418817174987
4.536874999999999 0.9697117978770066	0.0064277945273019735
4.558224999999999 0.978370698902168	0.006544027049787801
4.579574999999999 0.9904859406815871	0.006667238197043015
4.600924999999999 1.0064399946404743	0.006807119265808328
4.40955 0.9870704581287755	0.005045599448106433
4.433450000000001 0.9803048536968266	0.005067693284524712
4.45735 0.984272716366916	0.005136851686774135
4.48125 0.977716042370912	0.005113907145589881
4.50515 0.9889996744696643	0.005197855644855555
4.529050000000001 0.9869749678251815	0.005206594405442679
4.55295 0.9914138734863853	0.005256713539307194
4.57685 0.9956504221069754	0.005297202806160106
4.600750000000001 1.0035837577299438	0.005371972879675048
4.62465 0.9866139693624522	0.0052890967229726376
4.64855 0.9999730942694846	0.005375179384038368
4.67245 0.9826287713997597	0.005323385624279981
4.696350000000001 1.0036234151867032	0.005439855827630066
4.72025 1.0038111689459919	0.00545978284233814
4.74415 0.9879066816102804	0.005386311420208288
4.768050000000001 0.9946797767909203	0.005473274666907621
4.79195 0.9938998906631763	0.0054761401299717755
4.81585 0.9983622953906238	0.005538980540481192
4.83975 0.9972954925133796	0.005577536419237016
4.863650000000001 0.9927811893908919	0.005593505051424819
4.88755 0.9998605409207677	0.005664977191096265
4.91145 0.9963839164986745	0.005691226169877608
4.935350000000001 0.9937204759680038	0.005725386765951415
4.959250000000001 0.9961964291842875	0.0057810888784048005
4.98315 1.0022370913191778	0.005881555324744264
5.0070500000000004 0.9900519455684149	0.005854957870999812
5.03095 0.9918455230236597	0.005932826145667289
5.054850000000001 0.9998403076992624	0.0060327287689722975
5.07875 0.9961363722755753	0.00606438641760138
5.10265 0.9923669769701046	0.006134443986074913
5.12655 0.9981295721600254	0.00621377756219606
5.15045 0.9990450805393992	0.006303026946545099
4.9446 0.9769780325896473	0.00496857316620371
4.9714 0.9844991620693789	0.00507918914461246
4.998200000000001 0.9800518658400382	0.0051077965627157615
5.025 0.9836617405073632	0.005159966473586892
5.0518 0.9895194817284007	0.005235931202148664
5.078600000000001 0.9891947127707031	0.005263564581711188
5.1054 0.9924892177458456	0.00531127781900068
5.1322 0.9900342420387042	0.005335895860544465
5.159000000000001 0.9928774281715274	0.005392537870388066
5.1858 0.9903525853779546	0.005398865823989702
5.2126 0.9981893995412457	0.005485948294638441
5.239400000000001 0.9909466476135891	0.005497006410926327
5.2662 1.001455945670294	0.00558377402786278
5.293 0.9983014478995773	0.0056037567376601444
5.319800000000001 1.0000712002440466	0.005669573435368501
5.3466000000000005 0.9992116245704832	0.005720507187238009
5.3734 1.0097393381018167	0.005831573807235164
5.400200000000001 1.000294831673347	0.005847209268069619
5.4270000000000005 0.9949247177292943	0.005871030033645476
5.453800000000001 0.9957239165860919	0.005933606180803083
5.4806 0.9920505342564195	0.00599170659665073
5.5074000000000005 1.0046833804223367	0.0061475307584587515
5.5342 0.999065975222695	0.0061974583958334
5.561000000000001 0.9956599264185584	0.0062444446940789385
5.5878000000000005 0.9907231605105205	0.006321486463918739
5.614600000000001 0.9993879001838342	0.006495900945956092
5.6414 1.0059900379424347	0.006639123888458815
5.668200000000001 1.0034635822230258	0.00674189647443653
5.695 0.9960482006173546	0.006808900532953975
5.7218 1.0008106686923925	0.006976998264243683
5.748600000000001 0.9961286679751252	0.0070703569670605045
5.775399999999999 1.0034214104087877	0.0073002120995611704
5.422455 0.9568696292272024	0.00549246157417094
5.4518450000000005 0.9521250809198331	0.005561685900640238
5.481235 0.9471945166402824	0.0056027010085946865
5.510625 0.9694286978600255	0.0058397617109356295
5.540015 0.957808567942542	0.0058251921347189945
5.569405 0.9721831610326883	0.006020076728449468
5.598795 0.9816936102936925	0.006176331434466124
5.628185 0.9683668936938951	0.006155649042562384
5.6575750000000005 0.9676235060625697	0.006235234439938667
5.686965 0.9786713167399897	0.00639733312991014
5.716355 0.974351049552651	0.00647577182961764
5.745745 0.9708064453538854	0.006562666891256503
5.775135000000001 0.9744390798779736	0.0066998924961274835
5.804525 0.9744766242799607	0.006847364250556378
5.833915 0.9688629303606608	0.006944186831133634
5.863305 0.9775205777042058	0.007164745393026275
5.892695 0.9708747338599756	0.007298615146382915
5.922085 0.9741639694482979	0.00751912252709145
5.951475 0.9763614415867586	0.007705502969174849
5.9808650000000005 0.9818422161099787	0.008008922492190465
6.010255 1.004234831918128	0.008376758793000387
6.039645 1.0082093761528552	0.008691693092544207
6.069035 0.9978374083187873	0.008836390962013
6.098425000000001 1.0032412506166968	0.009240079603992368
6.127815 1.0085195488447216	0.009587271010633445
6.157205 1.0133076215437415	0.009956540711521737
6.1865950000000005 1.03946676581219	0.010614605706855441
6.215985000000001 1.0306224169680238	0.010971042127887225
6.245375 1.0626785135918102	0.01168078902371266
6.2747649999999995 1.0666472188305778	0.012264665371539587
6.304155 1.1027188558628374	0.01312939481792949
6.333545 1.1072967401363165	0.013782239847508076
6.0885 0.9312508172336454	0.008257127079501702
6.121499999999999 0.9660590692559253	0.008898010247856372
6.1545 0.9634960524844759	0.009233040984089178
6.1875 0.98529746844165	0.009849179634440828
6.2204999999999995 0.9966645146034315	0.010372929789000588
6.2535 1.0229427279904595	0.011053293929624482
6.286499999999999 1.020469478980982	0.01155942617718322
6.3195 1.062805242657815	0.012451913969978072
6.3525 1.1016102010014448	0.013435481833081811
6.3854999999999995 1.11589353907199	0.01431267075615761
6.4185 1.1715499969246934	0.0156251041283588
6.4515 1.170724234294071	0.016414297438811638
6.4845 1.1913310673671198	0.01759532275786528
6.5175 1.1824383226996635	0.01861696010077728
6.5504999999999995 1.2356938287119807	0.020306222906913085
6.5835 1.2429415102189363	0.021579739458677173
6.616499999999999 1.266098074593286	0.023235534172271286
6.6495 1.2538272608402197	0.024498687780827616
6.682499999999999 1.2474303014572363	0.02613409513852271
6.7155000000000005 1.2412608988083553	0.027851357560964417
6.748499999999999 1.1513298989175171	0.028332063773699477
6.7815 1.1855333981933391	0.030718895522265248
6.8145 1.1476465613581404	0.032183049960369664
6.8475 1.1231364013566871	0.03419926714852092
6.8805 1.116351361579598	0.03643342964393854
6.9135 1.0615513782386166	0.038357679553986154
6.9464999999999995 1.0316215126775408	0.04054819809682197
6.979500000000001 1.0054098791803519	0.043534826901877745
7.012499999999999 1.012204855110082	0.04728013972379429
7.045499999999999 1.064201340584003	0.053002518795246985
7.0785 0.9026845496561394	0.05298550044333955
7.111499999999999 1.1135698007511727	0.06493588817891342
