1.80375	0.9604254706986598	0.003397684950532028
1.82325	0.9561234912292255	0.0033989956325408137
1.8427499999999999	0.9611746410494706	0.0034280542995391407
1.86225	0.9701117014097618	0.0034727947759822125
1.8817499999999998	0.9651985163550869	0.0034607697648323583
1.9012499999999999	0.966934428971541	0.0034661647537315046
1.92075	0.9769995740386423	0.0035192012820465276
1.94025	0.9772821968283915	0.0035301234360400305
1.9597499999999997	0.9825283764689523	0.0035643922839513217
1.9792499999999997	0.9765813923024165	0.0035528565347200222
1.9987499999999998	0.9808318918282717	0.003571162212059189
2.0182499999999997	0.9715205462962656	0.0035546738762688517
2.03775	0.9725510838784874	0.003576707720679863
2.05725	0.9697901431878714	0.003585016197563905
2.0767499999999997	0.959171883727633	0.0035690262440160065
2.09625	0.9612412408254043	0.0035900036507182063
2.04425	0.9556036546451673	0.008964796069720792
2.06635	0.9718463130378625	0.009191917037632592
2.08845	0.970935735668122	0.009298817920371665
2.11055	0.9760636025985637	0.00942158830615033
2.13265	0.9863387525810686	0.009553005244781695
2.15475	1.003197808365388	0.00971795115385289
2.17685	0.9904818777084237	0.009688171545968747
2.19895	0.9828664839202007	0.009712207823840167
2.2210499999999995	0.9813376428177033	0.009812515073664985
2.2431499999999995	0.9608254567733647	0.009752166000128062
2.26525	0.9883501332703303	0.010045763758868604
2.28735	0.9988787127873296	0.010189757689298732
2.30945	0.9766789450200327	0.010192448372980736
2.33155	0.95972991519104	0.010177096300999503
2.35365	0.9825117822332753	0.010425054769325079
2.37575	0.9756590010770866	0.010516962192056912
2.331	0.9795885924616331	0.008467341012244075
2.3562000000000003	0.9687257315525526	0.00854376735445591
2.3813999999999997	0.968722182924555	0.008637275205049519
2.4066	0.995763114671213	0.008860787090380313
2.4318	0.9646727571505738	0.008780977500452187
2.457	0.9630130621818076	0.008860922778445397
2.4822	0.9788581213261186	0.009007015592118242
2.5074	0.9839291670612009	0.009114776335647756
2.5326	0.9921094003074791	0.0092546157372278
2.5578	1.0001944317889726	0.009390148097739708
2.5829999999999997	0.9919976429906785	0.009458470379453075
2.6081999999999996	0.991631278665694	0.00957980445879988
2.6334	0.9946040314966972	0.00972039517766199
2.6586	0.9761617132876989	0.009717941529100238
2.6837999999999997	0.9688084814252188	0.009784553472327767
2.709	0.9765827305128373	0.00999898159126592
2.6455	0.9805090958463083	0.006332873591329478
2.6741	0.9714438485371751	0.0064054108978953105
2.7026999999999997	0.973101949152427	0.006506773034469414
2.7312999999999996	0.9720869809174227	0.006565987192463692
2.7598999999999996	0.9882143875998189	0.0066997550043551846
2.7885	0.9836481803204022	0.006748865536368622
2.8171	0.9743302012058143	0.006766156449724432
2.8457	0.9853903046732164	0.0068802794511430305
2.8742999999999994	0.9844389537726536	0.006977284352973582
2.9029	0.9789352942180592	0.007020622433063845
2.9314999999999998	0.9902761879092785	0.007205004782258108
2.9600999999999997	0.9831562862260043	0.007264184422703769
2.9886999999999997	0.9782178403996844	0.007333820037689896
3.0172999999999996	0.9846751599235343	0.007492940468025312
3.0458999999999996	0.9778856461133403	0.007553357734835042
3.0744999999999996	0.9713307481283375	0.007662748124096671
3.00625	0.9850493719847666	0.006282321973242867
3.0387500000000003	0.9662820140035451	0.0063252572017748745
3.07125	0.9627040779849755	0.006423901179329066
3.10375	0.9701884335810481	0.006551971937321392
3.13625	0.9723351436289707	0.006672751904164533
3.1687499999999997	0.9646313400902	0.006715726690318501
3.20125	1.0019021200557017	0.0070002432429301644
3.23375	0.9870055626067739	0.007041439426847573
3.2662499999999994	0.9792384581295608	0.007124895690325862
3.2987499999999996	0.971558492758778	0.0071996025238404765
3.33125	0.9790745479443506	0.007385188675745148
3.3637499999999996	0.9779605978297533	0.007530188818995346
3.3962499999999998	0.9780003952566443	0.007693687744504817
3.42875	0.9720949190394274	0.007833838646847434
3.4612499999999997	0.9638109542323008	0.007966578561465128
3.49375	0.9662234397661895	0.008188448452443358
3.41325	0.9645597512483484	0.005517017681130222
3.4501500000000003	0.9597589848753247	0.005636150030620758
3.48705	0.9657291997674773	0.005779901770762256
3.5239499999999997	0.977057129455039	0.005958955366034299
3.56085	0.9632404776591814	0.0060162527742236545
3.59775	0.9702936584339804	0.006183313619610413
3.6346499999999997	0.9839142911441091	0.006389333976717137
3.67155	0.9858761424580172	0.006560884952241567
3.7084499999999996	0.989236181639948	0.006718581284176056
3.7453499999999997	0.9748137959009524	0.006853842790465536
3.7822499999999994	0.9910996065682568	0.007132458610677767
3.8191499999999996	0.9904983009416137	0.007343278731371735
3.8560499999999998	0.9874321120413686	0.0075671220986231694
3.89295	0.9722708398719723	0.007751160839858507
3.9298499999999996	0.9796698635776316	0.00806350604044389
3.9667499999999998	0.9784451832947465	0.008345795958589076
3.8757500000000005	0.9604547482394749	0.004794854728177198
3.9176500000000005	0.9623601864107103	0.004972801677579108
3.95955	0.9760443117288186	0.005174169105600733
4.00145	0.975785368157971	0.005332924462401004
4.04335	0.9825740297538772	0.005532345403402483
4.08525	0.9964762626102668	0.0057610727532373795
4.12715	1.000016426386516	0.0059824382450606685
4.16905	1.0059322720867985	0.006240111029902271
4.2109499999999995	1.0018751943782231	0.0064482240818911395
4.25285	1.0032733822252704	0.006753368415463007
4.29475	1.007868470812279	0.007039981452912093
4.33665	0.9971362454098633	0.0073477490617505775
4.37855	1.0114994114821987	0.007777137196591453
4.42045	0.9977001854761707	0.008097916317000403
4.46235	1.0038928546622043	0.008598578076959709
4.50425	0.9941062990070259	0.009009934653224999
4.4094750000000005	0.976897626371222	0.007657517906099658
4.457145000000001	0.9795857688634779	0.008197465684317867
4.504815	0.9711689462848453	0.00866456495147609
4.552485	0.9930911422768948	0.009380499134751457
4.600155	1.0014294892957574	0.0100440840631948
4.647825	1.01658219066524	0.010919125806332737
4.695495	1.02114929377678	0.01183539452034165
4.743165	1.0364536470460328	0.012918723845707497
4.7908349999999995	1.084811922564434	0.014527919935016197
4.838505	1.1048068499783588	0.016074866592985154
4.886175	1.1652467119694547	0.018239169101343454
4.933845	1.1581859582607401	0.020257892009936457
4.981515	1.2019050832500393	0.023057362044924763
5.029185	1.2590891876708974	0.026584951709098727
5.076855	1.351194633547193	0.03105198802862719
5.124525	1.3764490648929852	0.03523288191983598
5.0135000000000005	1.1285855681042392	0.031480400631145176
5.0677	1.198913298998243	0.03748618666715204
5.121899999999999	1.300363420652288	0.04454648541723591
5.1761	1.4160770070999176	0.053377800825043335
5.2303	1.357243140108348	0.05944886487549213
5.2844999999999995	1.2879945446940793	0.0652217150574442
5.3387	1.4234000329053962	0.07759307070353373
5.3929	1.434774899208014	0.08775138612705005
5.447099999999999	1.0526434503352666	0.08477847169659149
5.5013	1.2913109351530556	0.10642989415098975
5.555499999999999	0.9809008484465329	0.10626712818187559
5.609699999999999	1.3802254702413614	0.14452400746713623
5.6639	1.0077386565357425	0.14230664305074758
5.7181	0.9760959737000512	0.16242536146646638
5.7722999999999995	0.9163626868193816	0.18296499641688344
5.826499999999999	0.978440859362151	0.2184097990905621
