0.18205443805914684	1.0729951814523624	0.01860235378539232
0.1833081725129778	1.1006999736832708	0.01907823252872192
0.18456556978122354	1.0293168808821793	0.01806011906439812
0.18582664593886225	1.0662503903871248	0.018803318657743675
0.18709141715507419	1.0401982867630537	0.01854233802407663
0.1883598996939326	1.0412616897803006	0.01868206830733723
0.18963210991510127	1.0423729999016444	0.01882209759085763
0.19090806427453735	1.0369218136194138	0.01849128295426462
0.19218777932520123	1.0500898330416497	0.019086709865959714
0.1934712717177721	1.0552479731532125	0.019313641034630923
0.1947585582013704	1.025204797274282	0.019031163433600843
0.196049655624286	1.050863681151143	0.019146855112079694
0.1973445809347138	1.0841089820468321	0.019548889690119184
0.19864335118149476	1.1029377872442052	0.019943731883789492
0.19994598351486448	1.0668160168628695	0.019694354375555646
0.20125249518720786	1.0712974470861165	0.019774154497381024
0.2025629035538211	1.0451342489944426	0.0193514548131042
0.2038772260736799	1.0488865237748168	0.01933247442206183
0.20519548031021473	1.0599166425651234	0.0194901998752078
0.20651768393209363	1.0466946567144524	0.019567416575062203
0.20784385471401115	1.0773189246887882	0.020097753891117173
0.20917401053748502	1.0737425945334633	0.020143127930593897
0.21050816939165995	1.1119620626474982	0.02067298591626543
0.21184634937411853	1.0915532212657062	0.020486192158783053
0.21318856869169936	1.0494026477797307	0.01978154819352394
0.21453484566132303	1.0850994408380221	0.020312693334095043
0.2158851987108252	1.0366258201938885	0.01972964554890359
0.2172396463797975	1.056200288003509	0.019871480865187145
0.21859820732043583	1.0657357194979706	0.020206298492848877
0.2199609002983968	1.0842855330099548	0.020622033172746343
0.22132774419366177	1.027969626234753	0.01986534122388761
0.22269875800140837	1.0415362448621852	0.02025279478079852
0.2106545092459443	1.0466808602240218	0.013264018278465508
0.21215381477672526	1.032269312959206	0.013079021570168024
0.2136581910126337	1.0657460369361784	0.013692939533256426
0.21516766372120327	1.0444613740908817	0.013518763629735869
0.2166822588448523	1.0282699098457269	0.013326369354089157
0.21820200250237035	1.0376025007510679	0.013545208450829953
0.2197269209904196	1.0517572703720657	0.013767994212278626
0.22125704078505123	1.0566884570875963	0.01379724166870151
0.2227923885432382	1.066736639025983	0.014031807395681013
0.224332991104423	1.0338358221320787	0.013556833546016112
0.22587887549208158	1.0458808723372688	0.013814361276750125
0.22743006891530368	1.0997150099356372	0.014428079018673344
0.22898659877038893	1.050667441578908	0.01397510588850758
0.23054849264245975	1.049498415997929	0.013994343010297132
0.23211577830709118	1.039175092280167	0.013653276159095106
0.23368848373195708	1.0417463326837642	0.013912624617577533
0.2352666370784938	1.0387517957882448	0.01392457496801617
0.23685026670358142	1.0775767849135096	0.01424260119468524
0.23843940116124157	1.0583973027122175	0.014346383119437455
0.24003406920435413	1.0432874260435943	0.013939355864764242
0.24163429978639134	1.057394427801746	0.014225429073671086
0.24324012206316978	1.0533845592849633	0.014262407987837764
0.24485156539462127	1.0773145799571757	0.014686011752615066
0.24646865934658269	1.0610089236370437	0.014328800378620478
0.24809143369260325	1.07293276967168	0.014555323315903205
0.24971991841577276	1.0513958071728495	0.014415119755550444
0.2513541437105675	1.0786902045605604	0.01469361301206971
0.2529941399847169	1.0557082571755998	0.014593189986789311
0.2546399378610893	1.0364035019505893	0.01423382662253388
0.256291568179598	1.0517493454809383	0.01448676335048314
0.25794906199912776	1.0872557292536704	0.015130345047685203
0.25961245059948146	1.0473060892329251	0.01450940080593093
0.24560570312520572	1.0295713093212522	0.014034193949581171
0.24742307116175496	1.0306697302189085	0.014057043088724736
0.24924760941949398	1.0491320255569894	0.014407050715296833
0.2510793604162493	1.0337999390420134	0.014309173551605842
0.2529183670066749	1.0356511670481232	0.014398733281214347
0.2547646723855946	1.0169836559950585	0.014162590295842523
0.2566183200913835	1.0273335877187815	0.014439101155375573
0.25847935400939076	1.0260133654957637	0.014440626637591499
0.26034781837540266	1.0348946553647382	0.014604869485717787
0.26222375777914775	1.0234653953467439	0.014474810285602088
0.2641072171678437	1.0367215312987628	0.01465790896371458
0.26599824184978743	1.045002296904707	0.014861219094449554
0.267896877497988	1.05751716213528	0.015087283033002018
0.26980317015384386	1.0153254377060261	0.014464834925440722
0.27171716623086445	1.0183964656270108	0.014484969061960513
0.273638912518437	1.0371895305701047	0.014809064832906477
0.27556845618564013	1.0694315932737595	0.01543723170056488
0.2775058447851016	1.0307758721031866	0.014980753698299612
0.2794511262569061	1.0391990698497993	0.015044042560135047
0.2814043489325489	1.0496885907191849	0.015303122390093071
0.2833655615389387	1.0532649953933992	0.015307348646579177
0.2853348132024498	1.0442305179775888	0.015302308225037737
0.2873121534530239	1.0259365560033442	0.014930327538054943
0.28929763222832283	1.0455929768927914	0.015324834515499644
0.2912912998779324	1.0386163377517421	0.0152909427302213
0.2932932071676187	1.034379901484763	0.015368496991345135
0.29530340528363686	1.035874572776645	0.015366039057061433
0.29732194583709376	1.0417624005201715	0.015362388819533623
0.2993488808683654	1.0200885604902172	0.015238033112551275
0.30138426285156855	1.058131356018204	0.01601351673760375
0.30342814469908996	1.0492821699550732	0.015731890885572124
0.3054805797661701	1.0379641420972543	0.015806944862270945
0.287012429315267	1.0265306972226724	0.0138273717055794
0.28923219044836973	1.002593663377055	0.01369970558641046
0.29146219269396667	1.008117371632025	0.013707166059783286
0.2937025070886762	1.0367524319294776	0.014237075995206011
0.2959532053276252	1.028856601419362	0.014284713743328768
0.2982143597720979	1.0423850286650305	0.014571806437036391
0.30048604345729	1.0374041260242448	0.014555706200270663
0.30276833010017257	1.0138962648848204	0.01419206892342767
0.30506129410746624	1.0642794693339266	0.015035108807442259
0.30736501058372734	1.036014690637829	0.01460995536717085
0.30967955533954783	1.0358901750017118	0.014670131721440632
0.31200500489987154	0.9956787767219034	0.014130103199867764
0.31434143651242824	1.0201725295851614	0.014498344773259347
0.31668892815628696	1.0140642646441334	0.014653293002277157
0.31904755855053174	1.0140208309175487	0.014544464887848715
0.3214174071630606	1.0290867366457719	0.014797257770198993
0.323798554219511	1.0403889942985953	0.015089113578085983
0.3261910807123124	1.0134029720808404	0.01463566412214743
0.3285950684098697	1.0287228197366283	0.01487635705849635
0.3310105998658788	1.0420463128256874	0.015122188618904978
0.3334377584287758	1.018401852056866	0.014981311591936643
0.3358766282513251	1.0357691857871494	0.015365931207856117
0.33832729430034375	1.0227526348401326	0.0152315693137072
0.3407898423665698	1.038396680759701	0.015608085920334231
0.34326435907467284	1.0334227634977926	0.015381878932204624
0.34575093189341244	1.0039057927006856	0.015078101111129442
0.348249649145943	0.9934123009860946	0.014944319105504335
0.35076060002027315	1.0543181699151887	0.015978897722035604
0.3532838745798758	1.0174560982823477	0.015386352342809507
0.35581956377445834	1.0211627949316404	0.015585723957918964
0.3583677594508882	1.0561257057330655	0.016187242538958143
0.3609285543642844	1.0098002771082817	0.015659824979390006
0.3389381970125749	1.037268833853283	0.012893624294298153
0.3417018319542989	1.0216537305169746	0.012773021064065157
0.34448053657601213	1.0204968786061532	0.012877328352903882
0.3472744344736911	1.0286948706127692	0.01310782532753378
0.3500836505986019	1.0084756982605643	0.012783367411549213
0.35290831127592903	1.0181367894182187	0.013065063920807033
0.35574854422371094	1.0064605524556067	0.013051516468926891
0.35860447857209005	1.0127106385605642	0.013139752273966852
0.3614762448828826	1.0243770450504948	0.013554013809293861
0.36436397516947583	1.017046890577825	0.013363660487891248
0.3672678029170562	1.0395421676276828	0.013903149647766736
0.3701878631031789	1.0155713363326662	0.013377958794524388
0.3731242922186811	0.989381325142558	0.012960934666731363
0.37607722828895	1.0139213021517661	0.013425613492368895
0.37904681089554904	1.016046366553549	0.013648204362517917
0.3820331811982115	1.0079782472876395	0.01355747902844184
0.3850364819572079	0.9849672792270318	0.01319404916890459
0.3880568575560955	1.002067567165141	0.013542353235746582
0.3910944540248561	0.9832812423164152	0.013358008168640443
0.3941494190634314	1.0059123436374013	0.013849269246856942
0.3972219020656625	1.011271931287532	0.013942329204675597
0.4003120541436435	1.0235295172206502	0.014153522013991579
0.4034200281524953	1.02123931523118	0.01421438740663917
0.40654597871557036	1.007668305312978	0.01417467584426303
0.4096900622500949	1.0205733252982372	0.014337577423409006
0.41285243699325974	1.011400124887024	0.01438911761653372
0.416033263028767	1.0120188649118	0.014377232330995197
0.41923270231384385	1.009066537406542	0.01434431053970321
0.4224509187067301	1.0044716698992187	0.014513444020708787
0.4256880779946537	0.9940600513757314	0.014353869551954626
0.42894434792229896	1.0163188112041344	0.014833873158506754
0.4322198982207826	1.016416555990084	0.015066775196379108
0.40427970956209214	0.9938695333927049	0.009780168210330958
0.4077898811258455	0.9962087319986405	0.009855213944517695
0.411322907093919	1.0027270501000183	0.010047835111875314
0.4148790113997054	1.005666570738444	0.010097264498133607
0.41845842091172714	0.9944776328660132	0.010176931119943562
0.4220613654818837	0.9804564836415506	0.01001188132306361
0.4256880779946537	1.0028380302072166	0.01038189846496844
0.42933879441727296	1.0087994643172111	0.010530662335876455
0.43301375385091395	1.001371999752964	0.010436980510408212
0.4367131985828867	0.9951778029755393	0.0103843438788821
0.4404373741398875	0.9989750641804384	0.010615463124935016
0.4441865293423189	0.9809111274875321	0.01037141715442303
0.4479609163597058	0.9917625718332989	0.010515884685081443
0.4517607907672353	1.0119028484343453	0.010851573051446918
0.4555864116034446	1.0009587629926326	0.01083544972324711
0.45943804142908673	1.0225955839812644	0.011094390504258325
0.46331594638720003	0.9885896022029801	0.010792407994191582
0.46722039626441153	1.0051810833004755	0.011078980185223906
0.47115166455350366	0.9974972586859764	0.011043852895772106
0.47511002851727435	1.006264528485614	0.011304630107953075
0.47909576925372244	1.0047834512631537	0.011260826569709
0.48310917176259044	0.9976641634844438	0.011342127047194102
0.4871505250132969	0.9862987601597661	0.011193197573910602
0.49122012201429394	0.9928840189383408	0.011360881847110923
0.49531825988388245	0.9832085650184773	0.01134089771263404
0.4994452399225253	0.9821827682744927	0.011423820526711701
0.5036013676866893	0.9871537830971443	0.011523722841014673
0.5077869530642605	1.0008780581189272	0.011800020453607573
0.5120023103515655	0.9826996593775014	0.011622316966328436
0.5162477583320458	0.9771758952584758	0.011779822234682777
0.5205236203566198	0.978606750202967	0.01180571871594674
0.5248302244257795	0.9906061544798505	0.012112239350549694
0.4872977546357104	0.9954085596179856	0.008746137770163141
0.4918564726925381	0.9981615454499839	0.00885971258740464
0.4964510150567179	0.997837789477745	0.00892008462203228
0.5010818056775528	0.9867376862035443	0.008930801947158874
0.5057492752202625	0.9786060751347079	0.008908639332017044
0.510453861199499	0.9965315774848794	0.009214851429160913
0.5151960081160597	1.000769056474513	0.009343679845602712
0.5199761675968879	0.9900844653195138	0.009173999214134185
0.5247947985384536	0.9951813912147957	0.009403768977867008
0.5296523672536091	0.9855405206661721	0.00936692166620316
0.5345493476220224	0.9885972979603422	0.009507830798050608
0.5394862212442829	1.002825961165555	0.009732995824848004
0.5444634775997912	0.9997545442878576	0.009791940374807353
0.5494816142085392	0.9855629011795508	0.00974797040323881
0.5545411367968933	0.9824075259851651	0.00981746086885944
0.559642559467494	0.9815364267439358	0.009832577164634636
0.5647864048733967	0.9940717331626167	0.010052464993144187
0.5699732043965752	1.0003887014216375	0.010324158076131849
0.5752034983309124	0.9921656740938759	0.0102856997610874
0.580477836069818	0.9810776011529243	0.010258194984285797
0.5857967762986028	1.0014798536895662	0.01066216443134734
0.5911608871917573	0.9931430208728568	0.010637876791898818
0.5965707466152735	0.9934755511342863	0.010676365806191268
0.6020269423341702	0.98633783033543	0.010809688905916352
0.6075300722253699	0.9555525299193263	0.01035857946359549
0.6130807444960961	1.0058346744668183	0.011288159408328967
0.6186795779079517	0.9896911919362209	0.01122316670009543
0.6243272020068603	0.9890124055037351	0.011365110306515476
0.6300242573590399	0.9844715091921482	0.011481311405507297
0.635771395793205	0.9976715349789386	0.011751551848430667
0.6415692806491814	0.9722517492685873	0.011605996117192388
0.647418587033136	0.9595877442803503	0.011563922621677604
0.5986769252439875	0.9738597974357143	0.00902066860155326
0.6048186554780532	0.9444863799283505	0.00892278318318792
0.6110197882059921	0.953540498134502	0.009111107607900215
0.6172811894224561	0.9642742384359327	0.00934413131346282
0.6236037420374119	0.9742369823720357	0.009616270003336171
0.6299883462911715	0.9605032829154534	0.009619698626385642
0.636435920181703	0.9675526839778096	0.009841267285827501
0.6429473999046492	0.9601495941505761	0.009877225332200092
0.6495237403064936	0.9771718650542413	0.010207850901002522
0.6561659153513356	0.9760878994915321	0.010317122362760242
0.662874918601757	0.963282207538074	0.010495279443204114
0.6696517637142737	0.9733763016860922	0.010599075311479097
0.6764974849498954	0.9743212492277528	0.010887876507947657
0.683413137700331	0.9703961555089373	0.01101542868734763
0.6903997990304044	0.9640884592179059	0.011189890197557444
0.6974585682372619	0.978637331489891	0.011468406769830906
0.7045905674269878	0.9840932736302325	0.011776207736061802
0.7117969421092561	0.9441369329638382	0.011492109358374688
0.7190788618106851	0.9735533807010387	0.012195964749371253
0.7264375207075839	0.972301802846283	0.01233883845990265
0.7338741382788059	0.9782021005081437	0.012414388713717044
0.741389959979468	0.9639524239033602	0.012754264363284683
0.7489862579363038	1.0034458041050838	0.013498423035650799
0.756664331665481	1.0005269079516226	0.013745669550046396
0.764425508813721	0.9650710070392999	0.013740879528217169
0.7722711459236181	0.9919224347134241	0.014347170097635581
0.7802026292240775	0.9725144375450223	0.014330395994521065
0.7882213754468463	0.9893846811924462	0.014937187267958955
0.7963288326701393	1.0088071458746937	0.015697606314166206
0.8045264811904247	0.9864598101176013	0.015807527729826524
0.8128158344234636	1.0171050220764832	0.01668869040313646
0.8211984398357598	1.0174552782959108	0.017284484834118142
0.7178385538562371	0.9690451730180513	0.00944216959780109
0.7258981018811559	0.9631274532191915	0.009560607466874047
0.7340512973146622	0.9648138085204166	0.009775460234388052
0.7422997818899769	0.9564860216538213	0.009857645289738851
0.7506452359408675	0.9783511014266842	0.010506494670770436
0.7590893795428301	0.973273511135583	0.010643411476038787
0.7676339736949974	0.9826440633650252	0.011058043948525258
0.776280821544477	0.9866018316462933	0.011229677833957175
0.7850317696549114	0.9806623955212449	0.01144884651510809
0.7938887093211311	0.9977573412606228	0.012010861466929005
0.8028535779318692	0.9899250243670442	0.012131135617144366
0.8119283603825969	1.0072749878936489	0.01268797948688531
0.8211150905406476	1.026550101773313	0.01339715240726257
0.8304158527648986	1.0682032306717966	0.014523985407291664
0.8398327834823965	1.0757229364435512	0.014884571499575044
0.8493680728244305	1.1038765326542384	0.01591872325618831
0.8590239663246859	1.0562212097060137	0.015302506725168202
0.8688027666822451	1.1287409553494094	0.017180298215030438
0.8787068355923388	1.1652704964062703	0.01833729206334259
0.8887385956479095	1.1642796255099548	0.018717635761956126
0.8989005323152024	1.2243093514002399	0.020703969744565398
0.9091951959867659	1.2442305029390395	0.022010912101619238
0.9196252041154244	1.3106096146550448	0.024536169158597607
0.9301932434329746	1.266525918017478	0.024361347679316605
0.9409020722575568	1.2845133236029158	0.025887414621559263
0.9517545228938621	1.2341896936667158	0.025852836762961275
0.9627535041305598	1.2213711420605908	0.027728291549141602
0.9739020038395787	1.0262654776902702	0.023366032329715885
0.985203091682112	0.9706768477770447	0.02397918839197228
0.9966599219265022	0.9189725124116842	0.023980914576097
1.0082757363834325	0.9081517981330234	0.025742265626687667
1.0200538674641655	0.8786968971074677	0.025548333631461743
0.9266088122889723	1.29931270209009	0.02136377296861963
0.9385890602566367	1.2740956350589518	0.02194570621137432
0.9507496061072945	1.205649715667967	0.021576095303958515
0.9630945508151936	1.186887252627486	0.023203229662248265
0.9756281206766336	1.0585463826653734	0.021960859747786516
0.9883546721339812	1.0014241875297698	0.022359160115637267
1.0012786968242386	0.918602516652327	0.021690632830022757
1.014404826864469	0.9314166778241039	0.02391872697282278
1.0277378403871236	0.9817464430397794	0.026957708309098286
1.0412826673391913	1.0966678648713775	0.032158983973477814
1.0550443955599322	1.2666358165347438	0.040289726251833705
1.0690282771529538	1.5313559855875287	0.05283784471566546
1.0832397351693848	1.7568419186198758	0.06421122135365977
1.0976843706200201	2.241712040430023	0.09106522640065072
1.1123679698354731	2.51323588551335	0.10970642335228166
1.1272965121946696	2.686085574877989	0.12293597697741424
1.1424761782433541	3.187496237565973	0.16078112670592723
1.1579133582257783	2.838894027114499	0.14626685739787343
1.1736146610543043	3.262589696646163	0.18301546520510217
1.1895869237433838	3.4573530968863544	0.20958424192884664
1.2058372213361885	3.33099350405625	0.22237074363092818
1.2223728773541975	3.5627535505334254	0.2546724970810143
1.2392014748021316	3.464983520303877	0.2740466133692914
1.2563308677630145	3.6734047874989666	0.30025594019126023
1.2737691936205822	4.05722201102854	0.3782728045488898
1.2915248859490172	3.6537063159957905	0.36982659146391844
1.3096066881128983	3.121684512179128	0.3124981343683674
1.3280236676234496	3.7256957349368895	0.4472653192882661
1.3467852313006037	2.1227665070200636	0.24248288591756548
1.3659011412941677	3.729311580917082	0.5310614354471446
1.3853815320213956	3.639426652691139	0.5896900681759218
1.4052369280827326	4.241467574092447	0.7673642123113121
