2.23245 0.9932343674621189	0.010070326441485856
2.24455 0.9770207616067984	0.009989510008548136
2.25665 0.9596096865250898	0.009961550108684852
2.26875 1.0014442664662069	0.010264832265540634
2.28085 0.9867133418354205	0.01024461548237656
2.29295 0.9829199775723411	0.010221628296108377
2.30505 0.9979679690126366	0.010368504821380782
2.31715 0.9697733470074021	0.010168236948716183
2.32925 0.9753277129671402	0.010228350244014642
2.34135 0.9925288671265864	0.010400416302559676
2.35345 0.9835488382669243	0.010346435988569689
2.36555 0.9840786019107232	0.010348641846284925
2.37765 0.9850548828724355	0.010353600656337636
2.38975 0.9899824175920523	0.010422748474803522
2.40185 1.000336174166292	0.01051308392253406
2.4139500000000003 1.0024734905980763	0.010564030094322217
2.4260499999999996 0.9814153181014693	0.010422775434660997
2.4381500000000003 0.9872042328506055	0.010504048912463636
2.45025 1.0041121500845955	0.010630414762532667
2.4623500000000003 0.9870860874654873	0.01050247830866151
2.47445 0.9833065041483908	0.01059072771688216
2.4865500000000003 0.9863594420454388	0.010598447470934504
2.49865 0.9782982968298949	0.010557485448168374
2.5107500000000003 0.9851692819160702	0.0106700949439018
2.52285 0.9926331559605944	0.01071330694745926
2.5349500000000003 0.9673917798552006	0.010577365492756174
2.54705 0.9819766687554745	0.010734014992112434
2.5591500000000003 0.9722183564261782	0.010674525279149197
2.57125 0.9606158948261578	0.010650006325714795
2.58335 0.9791082581974925	0.010843466770435082
2.59545 0.9860145762433815	0.010901350067007473
2.60755 0.9658651997327201	0.01082002584678973
2.499975 0.9751081777916244	0.009200934457594982
2.513525 0.9693157569803817	0.009188969941221531
2.527075 0.9840964516991949	0.009365285083771399
2.540625 0.9853109887712704	0.009403839108108526
2.554175 0.9741338060880371	0.009376330153559136
2.567725 0.9756794336048494	0.00941110946740038
2.581275 0.9634038089414764	0.00936510942379272
2.594825 0.9492953646950627	0.009282612241005938
2.608375 0.986802095270375	0.00952959826753393
2.621925 0.9685842680993663	0.009436535679593515
2.635475 0.9951384010379876	0.009660988855814413
2.649025 0.9730309909799846	0.009500659634687287
2.662575 0.9764121480204226	0.009536043127303582
2.676125 0.9988741757191943	0.009682256010738263
2.6896750000000003 0.9723558111253151	0.009529612161653307
2.703225 0.9920295983567412	0.009672585529368151
2.7167749999999997 0.9882540038565111	0.009691358622968736
2.730325 0.9919721786868106	0.009742555558263527
2.743875 0.9710504579589166	0.009612379157729887
2.757425 0.9763687708746408	0.009669179365852086
2.770975 0.992097250787442	0.009822483568165825
2.7845250000000004 0.98811760941747	0.009827364822087443
2.798075 0.9783468370278626	0.009774687569910996
2.8116250000000003 0.9636073542240277	0.00973895510493243
2.8251749999999998 0.9870629691092374	0.009888750053701633
2.838725 0.9892019963551243	0.00994063408187107
2.852275 0.9802885670643859	0.009930979655995188
2.865825 0.9594557863527255	0.009835112273290848
2.879375 0.9786902431824158	0.009993905454238635
2.8929249999999995 0.956147797875011	0.009872698243369959
2.906475 0.9905278120428783	0.010169482432713204
2.920025 0.96562051394503	0.010021439579231944
2.8044 0.9653045781450977	0.007603530203960308
2.8196 0.9688083986956035	0.007691049131660576
2.8348 0.9743813982031813	0.007790862643575337
2.85 0.9627968978040249	0.00771484985813068
2.8652 0.972955243059363	0.007818062613314065
2.8804 0.9742400421820199	0.007805435397169269
2.8956 0.9733268796779109	0.007825830074145638
2.9108 0.9913532152250977	0.007928697425484105
2.926 0.9811530229796926	0.007913871242626406
2.9412000000000003 0.9751371158191185	0.007887101803279149
2.9564 0.97432670557832	0.00788523156718248
2.9716 0.9840042327084997	0.007970851286283701
2.9868 0.9791146980607013	0.007958300435093145
3.0020000000000002 0.977059742396569	0.00796844045426903
3.0172000000000003 0.9760596522307725	0.007985379485377987
3.0324 0.9869267888329896	0.008032883532949694
3.0476 0.9907894598436057	0.008075660963027658
3.0628 0.9828450310028356	0.00804959712001647
3.078 0.980989669071349	0.008052248249596194
3.0932000000000004 0.9981071573296656	0.008179511622773574
3.1084 0.9926815948453916	0.008179509129362477
3.1236 0.9893262838812813	0.008179802791228772
3.1388 0.986230260901665	0.008201568539074947
3.1540000000000004 0.9956632648649038	0.008287537016415686
3.1692 0.978643271845251	0.008204962855729095
3.1844 0.9759907961859545	0.008243464716286975
3.1996 0.9754033374771436	0.00826724659329851
3.2148000000000003 0.9608302578676812	0.008194080798542159
3.23 0.9830833608181222	0.008361822358050261
3.2451999999999996 0.9657992126626768	0.008291867890483143
3.2604 0.9846509110251174	0.008420527858695624
3.2756 0.9804532684467211	0.008453412096632513
3.1365 0.9768901105904365	0.007765687823556326
3.1534999999999997 0.9654699063282847	0.007743888580038724
3.1705 0.9764971090756202	0.00785142864658634
3.1875 0.971333207322304	0.007875379991366753
3.2045 0.9788678061701804	0.007916439313495826
3.2215 0.9801578845818542	0.007977109058898486
3.2385 0.9743126409349661	0.007967244739737136
3.2555 0.9707765891119021	0.007956378595221341
3.2725 0.9746005416501562	0.007997619860173482
3.2895 0.983232274742914	0.00806416134054168
3.3065 0.993751615371014	0.008146855408333103
3.3235 0.9819221819598143	0.008124816428556015
3.3405 0.9834937287017912	0.008135309631840105
3.3575 0.9791632680542939	0.008113117604221794
3.3745000000000003 0.9964375933133709	0.00822954306959003
3.3915 0.9918480273013169	0.008249780332214242
3.4084999999999996 1.0108947857161548	0.00840132325167333
3.4255 0.987120384009015	0.00827193178208582
3.4425 0.9885287378494053	0.00829419679606656
3.4595000000000002 0.9798950371014161	0.008300535178218165
3.4764999999999997 0.9809516767933035	0.008341303600898966
3.4935 1.0033669663673812	0.008483315922012687
3.5105 0.9771930832001107	0.008395895666356496
3.5275000000000003 0.9691747464668737	0.008359207441476441
3.5444999999999998 0.985633828931344	0.008482527729218387
3.5615 0.9816153632064343	0.00850169270140416
3.5785 0.9847474376027775	0.00858118778237485
3.5955000000000004 0.9946289677325406	0.008651673598221582
3.6125 0.9789555823802282	0.008619544068350225
3.6294999999999997 0.9832293832467515	0.00865202047793467
3.6465 0.9893683591104343	0.008755063175757857
3.6634999999999995 0.9937049781150699	0.008829356394740704
3.514725 0.9713629690109783	0.005877063091603698
3.533775 0.9691514657569144	0.005898897647392844
3.552825 0.9797041947328801	0.0059833519939679605
3.571875 0.9855853294886521	0.006049482972854216
3.590925 0.9800667459453484	0.00602884959392776
3.609975 0.9835741657475267	0.0060661161733363495
3.629025 0.9851181778622863	0.006085852195901435
3.648075 0.9777438392308846	0.006079595586223767
3.667125 0.9951162329863142	0.00617708113773009
3.686175 0.9844653007953563	0.0061275589182888425
3.705225 1.0008133933780816	0.006236110847815634
3.724275 0.9876516935884316	0.006189235290471177
3.743325 0.9928129682599389	0.006209344164595693
3.762375 0.9840322435464585	0.006190815569541711
3.781425 0.9869833284339686	0.006221435514951183
3.800475 1.0004689661974815	0.006284415150940173
3.819525 0.9952762602967419	0.006303375381836206
3.838575 0.9949853546077325	0.006341341905960601
3.857625 0.9809604341064441	0.006244841307564921
3.8766750000000005 0.9780787213814434	0.0062862825997856584
3.895725 0.9844309727211419	0.006335798813136243
3.9147750000000006 0.9904750850068446	0.006394566618526117
3.933825 0.9963064512220364	0.0064493921088272935
3.9528750000000006 0.987261555854131	0.00644248964288364
3.971925 0.9827411156434449	0.006456854261128193
3.9909750000000006 0.9940655116792996	0.0065597070093076516
4.010025 0.98585265845552	0.0065436443025758476
4.029075000000001 0.9821378738384668	0.0065536548229685205
4.048125 0.9706348483206134	0.006532209944629432
4.067175 0.9870113671179228	0.006633158306586304
4.086225 0.98405665648253	0.006669640740125506
4.105275 0.9863606816011938	0.006713395833561379
3.9390749999999994 0.9801966208939341	0.005653418542007509
3.9604249999999994 0.9767350048050378	0.005663347765967665
3.9817749999999994 0.9810752283990775	0.005725865201160017
4.003125 0.9646182896001545	0.005643340125222456
4.024475 0.9909008511242998	0.00583780511863347
4.045825 0.9785589680673404	0.005773088620319115
4.067175 0.9822564781247657	0.0058023450192140795
4.088525 0.9899548876728523	0.005879664933482882
4.109875 0.9863593459874938	0.005864673388446932
4.131225 0.9902894445852881	0.005920341642799735
4.152575 0.994340738143007	0.005952917875942359
4.173925 0.984996982488071	0.0059382792744768235
4.195275 1.004105418436436	0.006065010504495991
4.216625 0.9798807271156369	0.005944586595618518
4.237975 0.9910309111473302	0.006050173873252356
4.259325 0.9972215962450306	0.006108004873945636
4.280675 0.9899659065155992	0.006079438262508832
4.3020249999999995 0.9934824757549727	0.00615941007877461
4.3233749999999995 0.985624269922381	0.006126477232913999
4.3447249999999995 0.993107481616021	0.006204789921011638
4.3660749999999995 0.9809991238283742	0.0061585551314824296
4.3874249999999995 1.007283222544605	0.0063474524266460735
4.4087749999999994 0.9792870817663499	0.006232093044702982
4.430125 0.9959571315153336	0.006383257861993642
4.451474999999999 0.9880952785422666	0.006369801102298938
4.472825 0.9879764617868455	0.006401592148729763
4.494174999999999 0.9906316791857497	0.006471880777359006
4.515525 0.9883575064904028	0.006515035898687307
4.536874999999999 0.9727916185566474	0.006462814161312388
4.558224999999999 0.9805455921707042	0.006568639203448093
4.579574999999999 0.9942305356427723	0.006703092578728226
4.600924999999999 1.005064284909586	0.006802154926045615
4.40955 0.9836581639037515	0.005031601472098271
4.433450000000001 0.9704617886316218	0.0049938139969367005
4.45735 0.9760538992675014	0.005062189714206979
4.48125 0.9720914743902669	0.0050506984925800585
4.50515 0.983272776689336	0.0051282207245327395
4.529050000000001 0.9811260236535759	0.005136874467528763
4.55295 0.986233374125554	0.005190689217382211
4.57685 0.9904835021601052	0.005234416538557366
4.600750000000001 0.9987424167240918	0.005317133342840281
4.62465 0.9846260367892236	0.005258375649827158
4.64855 0.9978645118398793	0.005348665953590645
4.67245 0.9824875454344273	0.005315326599997698
4.696350000000001 1.0029071719995757	0.005432972520263265
4.72025 1.0039624398995628	0.005463608990520941
4.74415 0.9906354848899697	0.005412393196288676
4.768050000000001 0.9967679075655692	0.005498494591884746
4.79195 0.9966862308217334	0.005508753472369368
4.81585 1.0033757437495172	0.005590434965491845
4.83975 1.0007890978884604	0.005620657161092097
4.863650000000001 0.997859247444526	0.005647870440987516
4.88755 1.004458175112673	0.005716858827913095
4.91145 1.0028885246418886	0.005758445779385162
4.935350000000001 0.9997332805669721	0.005787545705881082
4.959250000000001 1.0018768837590053	0.005842114408756993
4.98315 1.0049698023919602	0.00592109034577084
5.0070500000000004 0.9999526865073796	0.005941072358381985
5.03095 0.9980283262740489	0.005994031155122921
5.054850000000001 1.002883830924338	0.006067626162158509
5.07875 0.9996958906617202	0.006105809286827309
5.10265 0.9978849617602411	0.006186213313931408
5.12655 1.001126312729352	0.006247485436337405
5.15045 0.9979947552367011	0.00630039988549872
4.9446 0.974656200963324	0.004962266566545041
4.9714 0.9737390347701403	0.004993952168279323
4.998200000000001 0.9755141851502187	0.005057518073750574
5.025 0.97564682007421	0.005074312574276364
5.0518 0.9815091484163377	0.005147942957028495
5.078600000000001 0.9838440690250859	0.005193101153385468
5.1054 0.9862984884160548	0.005236124629444608
5.1322 0.9872156624416625	0.005286717084117127
5.159000000000001 0.9889584796866377	0.005340059563358785
5.1858 0.9869480354021255	0.005356024711163224
5.2126 0.9970563150330326	0.005464434310779062
5.239400000000001 0.9897619347836651	0.005481536834932745
5.2662 1.0001831871892135	0.005571539091047608
5.293 1.000105957174052	0.005620478978072206
5.319800000000001 1.0021399285356376	0.005692969771047643
5.3466000000000005 1.0011313292134643	0.005745745177905837
5.3734 1.01352615128426	0.005874788063139841
5.400200000000001 1.002364811869871	0.005880531339251893
5.4270000000000005 1.0010345209486873	0.0059364939633356414
5.453800000000001 1.000016628642526	0.005986293410755545
5.4806 0.9964142541434545	0.006045148394927727
5.5074000000000005 1.0139337724268769	0.00623988586902878
5.5342 1.0036773300302977	0.006257122364876189
5.561000000000001 1.0042861026571612	0.006329839583992775
5.5878000000000005 0.9948805560662006	0.006370582126739843
5.614600000000001 1.0005255107698674	0.006525102797833892
5.6414 1.0129644523941923	0.006711687983761729
5.668200000000001 1.0082735479711689	0.006800155485882249
5.695 1.0009124897524935	0.0068619694858429465
5.7218 1.0078949227324405	0.007048030339951229
5.748600000000001 0.9994236268899198	0.007109337485798056
5.775399999999999 1.0022901933541275	0.0072941063472461215
5.422455 0.9479739501599528	0.00543404103317241
5.4518450000000005 0.9482649687435127	0.005526321781573323
5.481235 0.9384523654726438	0.005515488172405205
5.510625 0.9617600487266056	0.005753399005635333
5.540015 0.9499878176935037	0.00573316242599887
5.569405 0.9663371757224334	0.005941590799513196
5.598795 0.979786502997843	0.006128215475074058
5.628185 0.9624779144659743	0.006083469773832501
5.6575750000000005 0.9635859253457305	0.0061793123550451965
5.686965 0.9766295927811572	0.006362349406480052
5.716355 0.9726323567551795	0.006449177888786975
5.745745 0.9696230460355628	0.006545604840311842
5.775135000000001 0.9748940771879994	0.0067019794438766
5.804525 0.9746433548011606	0.006851527384637346
5.833915 0.9702360096474307	0.006963883720470957
5.863305 0.9801406831585265	0.007198391991791063
5.892695 0.9731558266170256	0.007333214002687953
5.922085 0.9789319214494158	0.007579830504791933
5.951475 0.980903230843	0.007763430893714703
5.9808650000000005 0.9860245099208631	0.008071151803447401
6.010255 1.0086816553660998	0.008440067409318035
6.039645 1.0146545886969371	0.008779345604597446
6.069035 1.0089441218330197	0.008969009356025367
6.098425000000001 1.005426090707038	0.009281545164411095
6.127815 1.012685676298483	0.00965330239192685
6.157205 1.0241747824448635	0.01009507476438046
6.1865950000000005 1.0397155278657648	0.010637103227179341
6.215985000000001 1.0368297106510183	0.011058376397037549
6.245375 1.0712307905713054	0.011800224561587977
6.2747649999999995 1.073014032444311	0.012351178007054908
6.304155 1.1038684866031399	0.013157175220648293
6.333545 1.1076992110109192	0.01379482484803967
6.0885 0.9267970784784189	0.008222577050843775
6.121499999999999 0.9601835107223946	0.008822939396340736
6.1545 0.9556884578371817	0.009131335923624626
6.1875 0.9767116769195321	0.009723356098261445
6.2204999999999995 0.9900390213443074	0.010266315280245818
6.2535 1.0169599733551924	0.010944489731338951
6.286499999999999 1.0171684481877408	0.011490115695269571
6.3195 1.0572723084312121	0.012353751350632148
6.3525 1.0966847706333571	0.013345195890499808
6.3854999999999995 1.1121765412741949	0.014244802052897508
6.4185 1.169941138669152	0.015590603390323771
6.4515 1.1689198754257437	0.016379543488599907
6.4845 1.1892691181314579	0.0175616146605867
6.5175 1.1853121001271287	0.018665875836029956
6.5504999999999995 1.2385055485859	0.020361274713505746
6.5835 1.244969251693523	0.021625947790511094
6.616499999999999 1.270873881781631	0.02333733278854536
6.6495 1.2583753863963607	0.02460345721318129
6.682499999999999 1.251561707531046	0.026233580303222242
6.7155000000000005 1.2515797905949293	0.028101770868825114
6.748499999999999 1.1532777089615647	0.028392478391894186
6.7815 1.1916944829859217	0.030892855522651964
6.8145 1.1618348911167662	0.03259708593852108
6.8475 1.1271218063998103	0.03432987658159731
6.8805 1.1232298240465055	0.03667130721907569
6.9135 1.0663453990173335	0.038540531286758356
6.9464999999999995 1.0390178947254232	0.04084743248311656
6.979500000000001 1.0049470240989506	0.04351883990300712
7.012499999999999 1.0241105319784285	0.04784315417789413
7.045499999999999 1.0626812396143634	0.05293105169255236
7.0785 0.9060640890883698	0.05318633443640063
7.111499999999999 1.1120057689520302	0.06484486736525703
