0.18141344272362706	1.090572421186131	0.024177188735402946	nan	nan	nan	nan	nan	nan	nan	nan	nan	nan	nan	nan	nan	nan	nan	nan	nan	nan
0.1827067528060567	1.0977808298992986	0.024095844734675503	nan	nan	nan	nan	nan	nan	nan	nan	nan	nan	nan	nan	nan	nan	nan	nan	nan	nan
0.18400396368801109	1.0920993017427663	0.02370355734287566	nan	nan	nan	nan	nan	nan	nan	nan	nan	nan	nan	nan	nan	nan	nan	nan	nan	nan
0.18530509304415949	1.0868481863836172	0.023958917287464646	nan	nan	nan	nan	nan	nan	nan	nan	nan	nan	nan	nan	nan	nan	nan	nan	nan	nan
0.18661015865611238	1.1076852598116758	0.02439392892749206	nan	nan	nan	nan	nan	nan	nan	nan	nan	nan	nan	nan	nan	nan	nan	nan	nan	nan
0.18791917841323097	1.1030405704157382	0.024392084578487162	nan	nan	nan	nan	nan	nan	nan	nan	nan	nan	nan	nan	nan	nan	nan	nan	nan	nan
0.18923217031344505	1.0631906620911324	0.02408694580026606	nan	nan	nan	nan	nan	nan	nan	nan	nan	nan	nan	nan	nan	nan	nan	nan	nan	nan
0.19054915246407772	1.104568363631606	0.024390132114750135	nan	nan	nan	nan	nan	nan	nan	nan	nan	nan	nan	nan	nan	nan	nan	nan	nan	nan
0.19187014308267752	1.088554377937156	0.024671837349919384	nan	nan	nan	nan	nan	nan	nan	nan	nan	nan	nan	nan	nan	nan	nan	nan	nan	nan
0.193195160497859	1.0568345405926403	0.02391803118744281	nan	nan	nan	nan	nan	nan	nan	nan	nan	nan	nan	nan	nan	nan	nan	nan	nan	nan
0.19452422315014986	1.0599231930374244	0.02414208560609817	nan	nan	nan	nan	nan	nan	nan	nan	nan	nan	nan	nan	nan	nan	nan	nan	nan	nan
0.1958573495928467	1.060303017917662	0.023917051018449997	nan	nan	nan	nan	nan	nan	nan	nan	nan	nan	nan	nan	nan	nan	nan	nan	nan	nan
0.19719455849287848	1.126794858423591	0.02451536834965226	nan	nan	nan	nan	nan	nan	nan	nan	nan	nan	nan	nan	nan	nan	nan	nan	nan	nan
0.19853586863167733	1.1087928266791793	0.02456554586688947	nan	nan	nan	nan	nan	nan	nan	nan	nan	nan	nan	nan	nan	nan	nan	nan	nan	nan
0.19988129890605852	1.0748806435378835	0.023695014172516685	nan	nan	nan	nan	nan	nan	nan	nan	nan	nan	nan	nan	nan	nan	nan	nan	nan	nan
0.20123086832910717	1.085896878262408	0.024195009691730544	nan	nan	nan	nan	nan	nan	nan	nan	nan	nan	nan	nan	nan	nan	nan	nan	nan	nan
0.20258459603107448	1.091163648400888	0.02405695267853621	nan	nan	nan	nan	nan	nan	nan	nan	nan	nan	nan	nan	nan	nan	nan	nan	nan	nan
0.20394250126028132	1.047906682145153	0.023143595656963244	nan	nan	nan	nan	nan	nan	nan	nan	nan	nan	nan	nan	nan	nan	nan	nan	nan	nan
0.20530460338403056	1.0802636882789094	0.023655325967576343	nan	nan	nan	nan	nan	nan	nan	nan	nan	nan	nan	nan	nan	nan	nan	nan	nan	nan
0.20667092188952807	1.0938231007661376	0.024049306899203694	nan	nan	nan	nan	nan	nan	nan	nan	nan	nan	nan	nan	nan	nan	nan	nan	nan	nan
0.2080414763848116	1.0462333811262328	0.023395599305884533	nan	nan	nan	nan	nan	nan	nan	nan	nan	nan	nan	nan	nan	nan	nan	nan	nan	nan
0.20941628659968922	1.065504284629165	0.023634324468753812	1.0859756056439487	0.016536878044620104	nan	nan	nan	nan	nan	nan	nan	nan	nan	nan	nan	nan	nan	nan	nan	nan
0.21079537238668591	1.09777081233193	0.02424385900322468	1.0789483871546215	0.01810142669710857	nan	nan	nan	nan	nan	nan	nan	nan	nan	nan	nan	nan	nan	nan	nan	nan
0.2121787537219991	1.082345100094738	0.024045302206803704	1.0626609875073787	0.0181689476315299	nan	nan	nan	nan	nan	nan	nan	nan	nan	nan	nan	nan	nan	nan	nan	nan
0.21356645070646307	1.1046620890698975	0.024647692145425757	1.099858967435124	0.018677470203019436	nan	nan	nan	nan	nan	nan	nan	nan	nan	nan	nan	nan	nan	nan	nan	nan
0.214958483566523	1.079565489391651	0.023983973981263434	1.0712511779646448	0.01819144336848739	nan	nan	nan	nan	nan	nan	nan	nan	nan	nan	nan	nan	nan	nan	nan	nan
0.2163548726552171	1.1262073354532371	0.024788964493064693	1.1309700273643821	0.01911542526792586	nan	nan	nan	nan	nan	nan	nan	nan	nan	nan	nan	nan	nan	nan	nan	nan
0.21775563845316898	1.0783521982507847	0.024001199207192576	1.056675388283004	0.018160475035892364	nan	nan	nan	nan	nan	nan	nan	nan	nan	nan	nan	nan	nan	nan	nan	nan
0.2191608015695888	1.0555216212875274	0.02422294172735105	1.0495053693479444	0.017917180931890295	nan	nan	nan	nan	nan	nan	nan	nan	nan	nan	nan	nan	nan	nan	nan	nan
0.2205703827432839	1.0725014762246157	0.024253246841358895	1.0496013254399488	0.01812052370873063	nan	nan	nan	nan	nan	nan	nan	nan	nan	nan	nan	nan	nan	nan	nan	nan
0.22198440284367937	1.0675721431358236	0.02412353102153768	1.0502700788234427	0.01809729376575978	nan	nan	nan	nan	nan	nan	nan	nan	nan	nan	nan	nan	nan	nan	nan	nan
0.22340288287184776	1.034460479719551	0.07432986086904177	1.1135061000453002	0.019002915675228913	nan	nan	nan	nan	nan	nan	nan	nan	nan	nan	nan	nan	nan	nan	nan	nan
0.22482584396154875	nan	nan	1.075742402153597	0.01843660347861979	nan	nan	nan	nan	nan	nan	nan	nan	nan	nan	nan	nan	nan	nan	nan	nan
0.22625330738027907	nan	nan	1.0863919533697413	0.01861757710996604	nan	nan	nan	nan	nan	nan	nan	nan	nan	nan	nan	nan	nan	nan	nan	nan
0.2276852945303316	nan	nan	1.0813461854264796	0.018087872060306133	nan	nan	nan	nan	nan	nan	nan	nan	nan	nan	nan	nan	nan	nan	nan	nan
0.22912182694986538	nan	nan	1.0595911826012903	0.01793328280871936	nan	nan	nan	nan	nan	nan	nan	nan	nan	nan	nan	nan	nan	nan	nan	nan
0.23056292631398514	nan	nan	1.0518755810632883	0.018265818605163648	nan	nan	nan	nan	nan	nan	nan	nan	nan	nan	nan	nan	nan	nan	nan	nan
0.23200861443583173	nan	nan	1.0779160894831308	0.018356016593468864	nan	nan	nan	nan	nan	nan	nan	nan	nan	nan	nan	nan	nan	nan	nan	nan
0.23345891326768264	nan	nan	1.0339607165093767	0.017493728859113548	nan	nan	nan	nan	nan	nan	nan	nan	nan	nan	nan	nan	nan	nan	nan	nan
0.23491384490206305	nan	nan	1.0654531809200771	0.017984659333556672	nan	nan	nan	nan	nan	nan	nan	nan	nan	nan	nan	nan	nan	nan	nan	nan
0.23637343157286764	nan	nan	1.0704867284176482	0.018070134092215275	nan	nan	nan	nan	nan	nan	nan	nan	nan	nan	nan	nan	nan	nan	nan	nan
0.2378376956564933	nan	nan	1.0566631560500581	0.01767937465786649	nan	nan	nan	nan	nan	nan	nan	nan	nan	nan	nan	nan	nan	nan	nan	nan
0.23930665967298237	nan	nan	1.0561241804112498	0.017924507467623852	nan	nan	nan	nan	nan	nan	nan	nan	nan	nan	nan	nan	nan	nan	nan	nan
0.2407803462871776	nan	nan	1.0823095536014606	0.018402823661641508	nan	nan	nan	nan	nan	nan	nan	nan	nan	nan	nan	nan	nan	nan	nan	nan
0.2422587783098874	nan	nan	1.0666828948037053	0.01808619349250039	nan	nan	nan	nan	nan	nan	nan	nan	nan	nan	nan	nan	nan	nan	nan	nan
0.24374197869906297	nan	nan	1.0839246922244659	0.01850908979442952	nan	nan	nan	nan	nan	nan	nan	nan	nan	nan	nan	nan	nan	nan	nan	nan
0.24522997056098667	nan	nan	1.0375610780483713	0.017652102321991426	1.0579699366901099	0.016493351998978868	nan	nan	nan	nan	nan	nan	nan	nan	nan	nan	nan	nan	nan	nan
0.2467227771514718	nan	nan	1.0646756830627564	0.018225290189796975	1.086212398417717	0.01920590124283865	nan	nan	nan	nan	nan	nan	nan	nan	nan	nan	nan	nan	nan	nan
0.24822042187707435	nan	nan	1.0787629998924655	0.01817257416800084	1.0954704474825228	0.0188113199148682	nan	nan	nan	nan	nan	nan	nan	nan	nan	nan	nan	nan	nan	nan
0.2497229282963163	nan	nan	1.0652844122238303	0.018017283174353197	1.0478672882356217	0.018162517792031617	nan	nan	nan	nan	nan	nan	nan	nan	nan	nan	nan	nan	nan	nan
0.2512303201209208	nan	nan	1.0700490802145985	0.018193448669119688	1.049295482226058	0.017887963833559443	nan	nan	nan	nan	nan	nan	nan	nan	nan	nan	nan	nan	nan	nan
0.2527426212170595	nan	nan	1.0595263218613302	0.018206505249998253	1.0252472347436359	0.017741853694358944	nan	nan	nan	nan	nan	nan	nan	nan	nan	nan	nan	nan	nan	nan
0.25425985560661246	nan	nan	1.0552844660926057	0.01798412427337653	1.0628959740288657	0.018396382974563467	nan	nan	nan	nan	nan	nan	nan	nan	nan	nan	nan	nan	nan	nan
0.2557820474684398	nan	nan	1.0746969323422921	0.018412524536144705	1.0599563277909032	0.01864723174668774	nan	nan	nan	nan	nan	nan	nan	nan	nan	nan	nan	nan	nan	nan
0.257309221139666	nan	nan	1.043894362832176	0.01773641553504176	1.0285907134584695	0.018261974980833918	nan	nan	nan	nan	nan	nan	nan	nan	nan	nan	nan	nan	nan	nan
0.2588414011169772	nan	nan	1.1040258739021753	0.018789584028371754	1.0443078661543046	0.018283614282838253	nan	nan	nan	nan	nan	nan	nan	nan	nan	nan	nan	nan	nan	nan
0.26037861205793084	nan	nan	1.0337536131521596	0.05493087479962077	1.0465710257218368	0.018269865895578326	nan	nan	nan	nan	nan	nan	nan	nan	nan	nan	nan	nan	nan	nan
0.26192087878227843	nan	nan	nan	nan	1.046487449330023	0.018187146200250755	nan	nan	nan	nan	nan	nan	nan	nan	nan	nan	nan	nan	nan	nan
0.2634682262733016	nan	nan	nan	nan	1.0435332087557065	0.01844320010563742	nan	nan	nan	nan	nan	nan	nan	nan	nan	nan	nan	nan	nan	nan
0.26502067967916065	nan	nan	nan	nan	1.0650124954159206	0.018577933639147327	nan	nan	nan	nan	nan	nan	nan	nan	nan	nan	nan	nan	nan	nan
0.2665782643142574	nan	nan	nan	nan	1.0574193424945255	0.018191136901076318	nan	nan	nan	nan	nan	nan	nan	nan	nan	nan	nan	nan	nan	nan
0.2681410056606109	nan	nan	nan	nan	1.0306638811243776	0.018158104301590254	nan	nan	nan	nan	nan	nan	nan	nan	nan	nan	nan	nan	nan	nan
0.26970892936924706	nan	nan	nan	nan	1.0372650467967364	0.018059644738007113	nan	nan	nan	nan	nan	nan	nan	nan	nan	nan	nan	nan	nan	nan
0.27128206126160237	nan	nan	nan	nan	1.0457785076087738	0.018487640223463324	nan	nan	nan	nan	nan	nan	nan	nan	nan	nan	nan	nan	nan	nan
0.272860427330941	nan	nan	nan	nan	1.065126183873105	0.01860593794565237	nan	nan	nan	nan	nan	nan	nan	nan	nan	nan	nan	nan	nan	nan
0.27444405374378694	nan	nan	nan	nan	1.0657191127404644	0.018642323384425313	nan	nan	nan	nan	nan	nan	nan	nan	nan	nan	nan	nan	nan	nan
0.27603296684136946	nan	nan	nan	nan	1.0389996567340667	0.01806612720499697	nan	nan	nan	nan	nan	nan	nan	nan	nan	nan	nan	nan	nan	nan
0.27762719314108397	nan	nan	nan	nan	1.0558662434467556	0.018369153652786914	nan	nan	nan	nan	nan	nan	nan	nan	nan	nan	nan	nan	nan	nan
0.27922675933796715	nan	nan	nan	nan	1.0558567808425405	0.01829646046944807	nan	nan	nan	nan	nan	nan	nan	nan	nan	nan	nan	nan	nan	nan
0.280831692306187	nan	nan	nan	nan	1.0545482710091403	0.018462751468922754	nan	nan	nan	nan	nan	nan	nan	nan	nan	nan	nan	nan	nan	nan
0.2824420191005478	nan	nan	nan	nan	1.0420388000140384	0.018287275490386827	nan	nan	nan	nan	nan	nan	nan	nan	nan	nan	nan	nan	nan	nan
0.28405776695801016	nan	nan	nan	nan	1.0484327659142405	0.018300492789776523	nan	nan	nan	nan	nan	nan	nan	nan	nan	nan	nan	nan	nan	nan
0.28567896329922726	nan	nan	nan	nan	1.0594687860126748	0.018779955479001038	1.0156199965568635	0.015900678736674265	nan	nan	nan	nan	nan	nan	nan	nan	nan	nan	nan	nan
0.28730563573009554	nan	nan	nan	nan	1.0373639821326315	0.01807690741929878	1.050687727670717	0.018520028315568912	nan	nan	nan	nan	nan	nan	nan	nan	nan	nan	nan	nan
0.2889378120433217	nan	nan	nan	nan	1.0666506006976957	0.018427644215711213	1.037699855445863	0.01889845244062611	nan	nan	nan	nan	nan	nan	nan	nan	nan	nan	nan	nan
0.29057552022000566	nan	nan	nan	nan	1.0341561062869156	0.018039702221695646	1.0333427100619967	0.018580885786526287	nan	nan	nan	nan	nan	nan	nan	nan	nan	nan	nan	nan
0.2922187884312396	nan	nan	nan	nan	1.0325993672002527	0.018349402825439707	1.048010025994805	0.018789417854096678	nan	nan	nan	nan	nan	nan	nan	nan	nan	nan	nan	nan
0.293867645039723	nan	nan	nan	nan	1.0356741718731923	0.01813589383383714	1.0582966387675454	0.01904838394703761	nan	nan	nan	nan	nan	nan	nan	nan	nan	nan	nan	nan
0.29552211860139493	nan	nan	nan	nan	1.0280791755832577	0.01812044020470818	1.0328097647087113	0.018763959278036636	nan	nan	nan	nan	nan	nan	nan	nan	nan	nan	nan	nan
0.29718223786708214	nan	nan	nan	nan	1.0416427965149628	0.01829903415377866	1.0396623184758784	0.018733415581979853	nan	nan	nan	nan	nan	nan	nan	nan	nan	nan	nan	nan
0.2988480317841647	nan	nan	nan	nan	1.0711063084177959	0.019001279627211803	1.0702431734195945	0.019633471849695657	nan	nan	nan	nan	nan	nan	nan	nan	nan	nan	nan	nan
0.30051952949825816	nan	nan	nan	nan	1.0306512455887828	0.01830195571845788	1.0551414840491709	0.01945163167007983	nan	nan	nan	nan	nan	nan	nan	nan	nan	nan	nan	nan
0.3021967603549143	nan	nan	nan	nan	1.0658848268672343	0.01879804706154568	1.0325346763263474	0.018686949096671727	nan	nan	nan	nan	nan	nan	nan	nan	nan	nan	nan	nan
0.3038797539013372	nan	nan	nan	nan	1.0504838749836733	0.01842153528558381	1.0341857347174703	0.019133848676735052	nan	nan	nan	nan	nan	nan	nan	nan	nan	nan	nan	nan
0.3055685398881195	nan	nan	nan	nan	1.015687598689861	0.025610405950312557	1.0600311314622048	0.019193851771174206	nan	nan	nan	nan	nan	nan	nan	nan	nan	nan	nan	nan
0.30726314827099493	nan	nan	nan	nan	nan	nan	1.0599138574446707	0.019199629110626334	nan	nan	nan	nan	nan	nan	nan	nan	nan	nan	nan	nan
0.3089636092126092	nan	nan	nan	nan	nan	nan	1.0164556083826706	0.01841899662176154	nan	nan	nan	nan	nan	nan	nan	nan	nan	nan	nan	nan
0.31066995308431045	nan	nan	nan	nan	nan	nan	1.0097057473396975	0.018350462997008245	nan	nan	nan	nan	nan	nan	nan	nan	nan	nan	nan	nan
0.31238221046795667	nan	nan	nan	nan	nan	nan	1.0293471824580078	0.01877696692715895	nan	nan	nan	nan	nan	nan	nan	nan	nan	nan	nan	nan
0.31410041215774287	nan	nan	nan	nan	nan	nan	1.037885931840414	0.018942298373195013	nan	nan	nan	nan	nan	nan	nan	nan	nan	nan	nan	nan
0.3158245891620476	nan	nan	nan	nan	nan	nan	1.0305237083210983	0.019356088526049874	nan	nan	nan	nan	nan	nan	nan	nan	nan	nan	nan	nan
0.31755477270529764	nan	nan	nan	nan	nan	nan	0.9964998693951372	0.01813589592314811	nan	nan	nan	nan	nan	nan	nan	nan	nan	nan	nan	nan
0.31929099422985396	nan	nan	nan	nan	nan	nan	1.0314328425579127	0.01893045248967419	nan	nan	nan	nan	nan	nan	nan	nan	nan	nan	nan	nan
0.321033285397915	nan	nan	nan	nan	nan	nan	1.0330023107017365	0.018711651530431507	nan	nan	nan	nan	nan	nan	nan	nan	nan	nan	nan	nan
0.32278167809344255	nan	nan	nan	nan	nan	nan	1.035474019675657	0.01907402372147764	nan	nan	nan	nan	nan	nan	nan	nan	nan	nan	nan	nan
0.3245362044241062	nan	nan	nan	nan	nan	nan	1.0493902650755724	0.018867779394999496	nan	nan	nan	nan	nan	nan	nan	nan	nan	nan	nan	nan
0.3262968967232487	nan	nan	nan	nan	nan	nan	1.0244729084945812	0.01894091790825277	nan	nan	nan	nan	nan	nan	nan	nan	nan	nan	nan	nan
0.3280637875518724	nan	nan	nan	nan	nan	nan	1.022095288288098	0.018585963044724717	nan	nan	nan	nan	nan	nan	nan	nan	nan	nan	nan	nan
0.32983690970064644	nan	nan	nan	nan	nan	nan	1.0445344493384563	0.01910143463388975	nan	nan	nan	nan	nan	nan	nan	nan	nan	nan	nan	nan
0.3316162961919351	nan	nan	nan	nan	nan	nan	1.0445485079184835	0.018716323411562284	nan	nan	nan	nan	nan	nan	nan	nan	nan	nan	nan	nan
0.33340198028184803	nan	nan	nan	nan	nan	nan	1.0309027185902582	0.019021173804400566	nan	nan	nan	nan	nan	nan	nan	nan	nan	nan	nan	nan
0.33519399546231204	nan	nan	nan	nan	nan	nan	1.041888070793967	0.0190440831960605	nan	nan	nan	nan	nan	nan	nan	nan	nan	nan	nan	nan
0.3369923754631648	nan	nan	nan	nan	nan	nan	1.0002505877552024	0.018438099346161783	1.0603367174997644	0.012761202487404696	nan	nan	nan	nan	nan	nan	nan	nan	nan	nan
0.3387971542542715	nan	nan	nan	nan	nan	nan	1.020031374192472	0.0192406166420826	1.0242693051320835	0.0172993683076838	nan	nan	nan	nan	nan	nan	nan	nan	nan	nan
0.3406083660476632	nan	nan	nan	nan	nan	nan	1.027126237898871	0.019045705758785263	1.0427100591053715	0.01799030167698956	nan	nan	nan	nan	nan	nan	nan	nan	nan	nan
0.34242604529969956	nan	nan	nan	nan	nan	nan	1.0584265276429243	0.019365317011319452	1.0399508534770467	0.017629820435171282	nan	nan	nan	nan	nan	nan	nan	nan	nan	nan
0.3442502267132527	nan	nan	nan	nan	nan	nan	1.0153514991172643	0.018780256978343443	1.0136442973993098	0.017334133609943517	nan	nan	nan	nan	nan	nan	nan	nan	nan	nan
0.34608094523991667	nan	nan	nan	nan	nan	nan	1.0376244031083117	0.019586378516986934	1.0117650376106777	0.017174240391764288	nan	nan	nan	nan	nan	nan	nan	nan	nan	nan
0.347918236082239	nan	nan	nan	nan	nan	nan	0.9988023031974065	0.018782106964636582	1.0370386238187423	0.017476068638068082	nan	nan	nan	nan	nan	nan	nan	nan	nan	nan
0.3497621346959778	nan	nan	nan	nan	nan	nan	1.0053362848258718	0.018684957854208883	0.9691888231904147	0.01678150155781097	nan	nan	nan	nan	nan	nan	nan	nan	nan	nan
0.35161267679238184	nan	nan	nan	nan	nan	nan	1.0159759082494344	0.01894743424159648	1.0038194710640582	0.017345349591660078	nan	nan	nan	nan	nan	nan	nan	nan	nan	nan
0.35346989834049636	nan	nan	nan	nan	nan	nan	1.0022697139141308	0.019085773854865613	1.0373716122157517	0.018025640395318156	nan	nan	nan	nan	nan	nan	nan	nan	nan	nan
0.3553338355694936	nan	nan	nan	nan	nan	nan	1.025722896706308	0.01936639509757115	1.0249403050115915	0.017424246511784737	nan	nan	nan	nan	nan	nan	nan	nan	nan	nan
0.3572045249710284	nan	nan	nan	nan	nan	nan	1.050009085226097	0.019256578306659326	0.9936411661384854	0.01717106244309163	nan	nan	nan	nan	nan	nan	nan	nan	nan	nan
0.35908200330161977	nan	nan	nan	nan	nan	nan	1.0309246120614546	0.019200632339734403	1.0320753529109155	0.01798317299484515	nan	nan	nan	nan	nan	nan	nan	nan	nan	nan
0.3609663075850582	nan	nan	nan	nan	nan	nan	0.9892054684499805	0.02370067276409306	0.9744623751377712	0.016962491821969346	nan	nan	nan	nan	nan	nan	nan	nan	nan	nan
0.3628574751148396	nan	nan	nan	nan	nan	nan	nan	nan	1.0145423188614335	0.017117545034042142	nan	nan	nan	nan	nan	nan	nan	nan	nan	nan
0.36475554345662525	nan	nan	nan	nan	nan	nan	nan	nan	1.0080615729639564	0.017432241631841816	nan	nan	nan	nan	nan	nan	nan	nan	nan	nan
0.3666605504507296	nan	nan	nan	nan	nan	nan	nan	nan	0.9849808401991538	0.016936001438198667	nan	nan	nan	nan	nan	nan	nan	nan	nan	nan
0.36857253421463476	nan	nan	nan	nan	nan	nan	nan	nan	1.0398608750702656	0.01813720437295574	nan	nan	nan	nan	nan	nan	nan	nan	nan	nan
0.37049153314553285	nan	nan	nan	nan	nan	nan	nan	nan	1.024693915378205	0.01766853255320943	nan	nan	nan	nan	nan	nan	nan	nan	nan	nan
0.3724175859228962	nan	nan	nan	nan	nan	nan	nan	nan	1.030243838809155	0.01799895647616178	nan	nan	nan	nan	nan	nan	nan	nan	nan	nan
0.37435073151107656	nan	nan	nan	nan	nan	nan	nan	nan	1.0137041748504023	0.017449450496131315	nan	nan	nan	nan	nan	nan	nan	nan	nan	nan
0.3762910091619324	nan	nan	nan	nan	nan	nan	nan	nan	1.0415966742509706	0.018046864408919314	nan	nan	nan	nan	nan	nan	nan	nan	nan	nan
0.3782384584174855	nan	nan	nan	nan	nan	nan	nan	nan	1.0050833972842637	0.01746413871767982	nan	nan	nan	nan	nan	nan	nan	nan	nan	nan
0.3801931191126075	nan	nan	nan	nan	nan	nan	nan	nan	1.0234261203876927	0.017586743362568595	nan	nan	nan	nan	nan	nan	nan	nan	nan	nan
0.38215503137773554	nan	nan	nan	nan	nan	nan	nan	nan	1.024604373612951	0.017680053123052188	nan	nan	nan	nan	nan	nan	nan	nan	nan	nan
0.38412423564161885	nan	nan	nan	nan	nan	nan	nan	nan	1.0077246492761567	0.017485807018435624	nan	nan	nan	nan	nan	nan	nan	nan	nan	nan
0.38610077263409603	nan	nan	nan	nan	nan	nan	nan	nan	1.0064027593643663	0.017688153162790512	nan	nan	nan	nan	nan	nan	nan	nan	nan	nan
0.3880846833889029	nan	nan	nan	nan	nan	nan	nan	nan	1.0541550846976873	0.018169540213172235	nan	nan	nan	nan	nan	nan	nan	nan	nan	nan
0.3900760092465123	nan	nan	nan	nan	nan	nan	nan	nan	1.0290361753957957	0.017799667764194612	nan	nan	nan	nan	nan	nan	nan	nan	nan	nan
0.3920747918570055	nan	nan	nan	nan	nan	nan	nan	nan	0.9795543033329638	0.017088314193761004	nan	nan	nan	nan	nan	nan	nan	nan	nan	nan
0.39408107318297597	nan	nan	nan	nan	nan	nan	nan	nan	0.9990555502408178	0.01718314511297225	nan	nan	nan	nan	nan	nan	nan	nan	nan	nan
0.3960948955024664	nan	nan	nan	nan	nan	nan	nan	nan	1.0240694881197172	0.01786566840015714	nan	nan	nan	nan	nan	nan	nan	nan	nan	nan
0.39811630141193793	nan	nan	nan	nan	nan	nan	nan	nan	0.9752555902839293	0.017139314131604765	nan	nan	nan	nan	nan	nan	nan	nan	nan	nan
0.400145333829274	nan	nan	nan	nan	nan	nan	nan	nan	1.020685219545351	0.01805355084911336	nan	nan	nan	nan	nan	nan	nan	nan	nan	nan
0.4021820359968173	nan	nan	nan	nan	nan	nan	nan	nan	1.0261772716519226	0.017882918055824183	1.0246448288296133	0.012924200777445086	nan	nan	nan	nan	nan	nan	nan	nan
0.40422645148444214	nan	nan	nan	nan	nan	nan	nan	nan	1.0068465504627788	0.0176164568146889	0.9947241600795375	0.017451026434446463	nan	nan	nan	nan	nan	nan	nan	nan
0.40627862419266125	nan	nan	nan	nan	nan	nan	nan	nan	0.9928765482977943	0.017478026981932137	1.0199762199560405	0.018140585263118646	nan	nan	nan	nan	nan	nan	nan	nan
0.40833859835576813	nan	nan	nan	nan	nan	nan	nan	nan	1.002467894797262	0.017411197830622772	0.999806260714314	0.017865882400150763	nan	nan	nan	nan	nan	nan	nan	nan
0.4104064185450153	nan	nan	nan	nan	nan	nan	nan	nan	1.0129999145942887	0.017581310805260424	0.9953814977111343	0.017794634022260374	nan	nan	nan	nan	nan	nan	nan	nan
0.41248212967182873	nan	nan	nan	nan	nan	nan	nan	nan	0.992651675462222	0.017343422457978593	0.9846648903225784	0.017459301361283604	nan	nan	nan	nan	nan	nan	nan	nan
0.4145657769910597	nan	nan	nan	nan	nan	nan	nan	nan	0.96686118810848	0.017274022509508897	1.0143991291310508	0.017907061406913855	nan	nan	nan	nan	nan	nan	nan	nan
0.41665740610427343	nan	nan	nan	nan	nan	nan	nan	nan	0.9999902659480353	0.017780355669415233	0.9877667111715425	0.017426414418588	nan	nan	nan	nan	nan	nan	nan	nan
0.4187570629630764	nan	nan	nan	nan	nan	nan	nan	nan	1.0102301790321784	0.017779776704171267	0.9878659237814291	0.017426575716333926	nan	nan	nan	nan	nan	nan	nan	nan
0.4208647938724801	nan	nan	nan	nan	nan	nan	nan	nan	0.9893003220096215	0.017701284614482615	0.9924336316497762	0.01790738863687732	nan	nan	nan	nan	nan	nan	nan	nan
0.422980645494307	nan	nan	nan	nan	nan	nan	nan	nan	0.9873622912196052	0.017432988540938027	0.9948759350708597	0.018306653576271956	nan	nan	nan	nan	nan	nan	nan	nan
0.42510466485063253	nan	nan	nan	nan	nan	nan	nan	nan	0.9793381943060714	0.01750274372371991	0.9823775380579367	0.017554586007257397	nan	nan	nan	nan	nan	nan	nan	nan
0.42723689932726844	nan	nan	nan	nan	nan	nan	nan	nan	0.9887941654635085	0.01759151047096267	0.9868580079858141	0.01771813139542551	nan	nan	nan	nan	nan	nan	nan	nan
0.4293773966772883	nan	nan	nan	nan	nan	nan	nan	nan	0.9909104717410484	0.017369929043467628	0.9803889830223458	0.017602252861408256	nan	nan	nan	nan	nan	nan	nan	nan
0.43152620502459005	nan	nan	nan	nan	nan	nan	nan	nan	0.9996297185688039	0.01798411715651802	1.0231091794949978	0.01848918917238114	nan	nan	nan	nan	nan	nan	nan	nan
0.43368337286750464	nan	nan	nan	nan	nan	nan	nan	nan	0.9835785201144109	0.09426324988920162	1.0007850519270143	0.017822922458538254	nan	nan	nan	nan	nan	nan	nan	nan
0.4358489490824442	nan	nan	nan	nan	nan	nan	nan	nan	nan	nan	1.0037221291272842	0.01830010883050899	nan	nan	nan	nan	nan	nan	nan	nan
0.4380229829275921	nan	nan	nan	nan	nan	nan	nan	nan	nan	nan	0.9700697804436338	0.01767708081024295	nan	nan	nan	nan	nan	nan	nan	nan
0.4402055240466404	nan	nan	nan	nan	nan	nan	nan	nan	nan	nan	0.9935455848046683	0.01801005325939691	nan	nan	nan	nan	nan	nan	nan	nan
0.44239662247256567	nan	nan	nan	nan	nan	nan	nan	nan	nan	nan	0.9906952595743407	0.018280576614917835	nan	nan	nan	nan	nan	nan	nan	nan
0.4445963286314546	nan	nan	nan	nan	nan	nan	nan	nan	nan	nan	0.975853228932376	0.01757219601060242	nan	nan	nan	nan	nan	nan	nan	nan
0.4468046933463718	nan	nan	nan	nan	nan	nan	nan	nan	nan	nan	0.9833830746641748	0.017773395739143303	nan	nan	nan	nan	nan	nan	nan	nan
0.44902176784127257	nan	nan	nan	nan	nan	nan	nan	nan	nan	nan	0.9862160015953597	0.017891577314172534	nan	nan	nan	nan	nan	nan	nan	nan
0.45124760374496603	nan	nan	nan	nan	nan	nan	nan	nan	nan	nan	0.9912877551465706	0.017966926801846632	nan	nan	nan	nan	nan	nan	nan	nan
0.45348225309511997	nan	nan	nan	nan	nan	nan	nan	nan	nan	nan	1.012572821335683	0.01811001952223072	nan	nan	nan	nan	nan	nan	nan	nan
0.4557257683423189	nan	nan	nan	nan	nan	nan	nan	nan	nan	nan	0.9610473110747684	0.017573829982311943	nan	nan	nan	nan	nan	nan	nan	nan
0.4579782023541661	nan	nan	nan	nan	nan	nan	nan	nan	nan	nan	0.9665053519488728	0.01748776499835769	nan	nan	nan	nan	nan	nan	nan	nan
0.46023960841943584	nan	nan	nan	nan	nan	nan	nan	nan	nan	nan	0.9836586773013238	0.017822017795895456	nan	nan	nan	nan	nan	nan	nan	nan
0.4625100402522784	nan	nan	nan	nan	nan	nan	nan	nan	nan	nan	0.9884369405134381	0.018205980189455198	nan	nan	nan	nan	nan	nan	nan	nan
0.46478955199646976	nan	nan	nan	nan	nan	nan	nan	nan	nan	nan	0.9875289117187519	0.018474425148533168	nan	nan	nan	nan	nan	nan	nan	nan
0.46707819822971813	nan	nan	nan	nan	nan	nan	nan	nan	nan	nan	1.0008218004202227	0.018548725939263228	nan	nan	nan	nan	nan	nan	nan	nan
0.4693760339680191	nan	nan	nan	nan	nan	nan	nan	nan	nan	nan	0.9835651706333284	0.01818850770705613	nan	nan	nan	nan	nan	nan	nan	nan
0.4716831146700626	nan	nan	nan	nan	nan	nan	nan	nan	nan	nan	0.939926696501527	0.01725532065502518	nan	nan	nan	nan	nan	nan	nan	nan
0.4739994962416974	nan	nan	nan	nan	nan	nan	nan	nan	nan	nan	0.9682405486240739	0.01765621191572089	nan	nan	nan	nan	nan	nan	nan	nan
0.4763252350404442	nan	nan	nan	nan	nan	nan	nan	nan	nan	nan	0.970583329565047	0.018139061542432718	nan	nan	nan	nan	nan	nan	nan	nan
0.47866038788006826	nan	nan	nan	nan	nan	nan	nan	nan	nan	nan	0.9653707321624034	0.01786250657251995	nan	nan	nan	nan	nan	nan	nan	nan
0.48100501203520524	nan	nan	nan	nan	nan	nan	nan	nan	nan	nan	0.9864384511188338	0.017995095761773997	nan	nan	nan	nan	nan	nan	nan	nan
0.48335916524604255	nan	nan	nan	nan	nan	nan	nan	nan	nan	nan	0.9661568816380779	0.017762255107337806	nan	nan	nan	nan	nan	nan	nan	nan
0.48572290572306154	nan	nan	nan	nan	nan	nan	nan	nan	nan	nan	0.9785803740565588	0.01833500372766012	0.9837013317077767	0.014032503219546067	nan	nan	nan	nan	nan	nan
0.4880962921518329	nan	nan	nan	nan	nan	nan	nan	nan	nan	nan	0.9676297610928148	0.017957157047208492	0.9686620781692626	0.01668376340389333	nan	nan	nan	nan	nan	nan
0.490479383697876	nan	nan	nan	nan	nan	nan	nan	nan	nan	nan	0.9421389334594552	0.017675453161388938	0.9453063726899039	0.016543271916274953	nan	nan	nan	nan	nan	nan
0.49287224001157376	nan	nan	nan	nan	nan	nan	nan	nan	nan	nan	0.9554240365283553	0.0178396777578646	0.9474114028813269	0.016655323026957127	nan	nan	nan	nan	nan	nan
0.49527492123314903	nan	nan	nan	nan	nan	nan	nan	nan	nan	nan	0.9489163802074609	0.017679082886136833	0.9762886799060551	0.017350810412737488	nan	nan	nan	nan	nan	nan
0.497687487997706	nan	nan	nan	nan	nan	nan	nan	nan	nan	nan	0.9660427919108331	0.01802488323598782	0.9434124369118931	0.016340139763080613	nan	nan	nan	nan	nan	nan
0.5001100014403271	nan	nan	nan	nan	nan	nan	nan	nan	nan	nan	0.9724773415622915	0.018348049917219125	0.9419505604279484	0.016087312420268576	nan	nan	nan	nan	nan	nan
0.5025425232012406	nan	nan	nan	nan	nan	nan	nan	nan	nan	nan	0.9572671336376173	0.01813766156709334	0.9659407128960004	0.016635894260214293	nan	nan	nan	nan	nan	nan
0.5049851154310464	nan	nan	nan	nan	nan	nan	nan	nan	nan	nan	0.9671165625272045	0.018295577434579182	0.9656788418938623	0.017207048510611965	nan	nan	nan	nan	nan	nan
0.5074378407960098	nan	nan	nan	nan	nan	nan	nan	nan	nan	nan	0.9788762139965771	0.018740849627734927	0.9854952816218114	0.01752619244570708	nan	nan	nan	nan	nan	nan
0.5099007624834219	nan	nan	nan	nan	nan	nan	nan	nan	nan	nan	0.9806554103465469	0.0188905669346912	0.9466160775998826	0.01663855728560503	nan	nan	nan	nan	nan	nan
0.5123739442070238	nan	nan	nan	nan	nan	nan	nan	nan	nan	nan	0.9440757053862526	0.018048606117134956	0.9345796599105393	0.016603478661787706	nan	nan	nan	nan	nan	nan
0.5148574502125024	nan	nan	nan	nan	nan	nan	nan	nan	nan	nan	0.957885660202243	0.018229705014298006	0.9873884603868437	0.017553184043778362	nan	nan	nan	nan	nan	nan
0.5173513452830536	nan	nan	nan	nan	nan	nan	nan	nan	nan	nan	0.9677490884038313	0.018558449689334067	0.9588632429989161	0.01703758782716842	nan	nan	nan	nan	nan	nan
0.519855694745013	nan	nan	nan	nan	nan	nan	nan	nan	nan	nan	0.973634692851836	0.01870931852679802	0.9439392719837137	0.016815829367163346	nan	nan	nan	nan	nan	nan
0.5223705644735638	nan	nan	nan	nan	nan	nan	nan	nan	nan	nan	0.9817583627755562	0.01909977740439643	0.9508943466273608	0.01683436622898803	nan	nan	nan	nan	nan	nan
0.5248960208985087	nan	nan	nan	nan	nan	nan	nan	nan	nan	nan	0.9844911107721916	0.02183467878397487	0.9466212089069563	0.01724906561166606	nan	nan	nan	nan	nan	nan
0.5274321310101232	nan	nan	nan	nan	nan	nan	nan	nan	nan	nan	nan	nan	0.9339602775161661	0.016856843408594512	nan	nan	nan	nan	nan	nan
0.5299789623650758	nan	nan	nan	nan	nan	nan	nan	nan	nan	nan	nan	nan	0.945591404116208	0.017040543406240918	nan	nan	nan	nan	nan	nan
0.5325365830924277	nan	nan	nan	nan	nan	nan	nan	nan	nan	nan	nan	nan	0.9686860970427066	0.017212091280612636	nan	nan	nan	nan	nan	nan
0.5351050618997094	nan	nan	nan	nan	nan	nan	nan	nan	nan	nan	nan	nan	0.9608231724551304	0.01708865485000532	nan	nan	nan	nan	nan	nan
0.5376844680790702	nan	nan	nan	nan	nan	nan	nan	nan	nan	nan	nan	nan	0.9551002009483662	0.017450896429836927	nan	nan	nan	nan	nan	nan
0.5402748715135127	nan	nan	nan	nan	nan	nan	nan	nan	nan	nan	nan	nan	0.9394390695869115	0.01671493855401276	nan	nan	nan	nan	nan	nan
0.5428763426832017	nan	nan	nan	nan	nan	nan	nan	nan	nan	nan	nan	nan	0.9562348911546825	0.017324266611803196	nan	nan	nan	nan	nan	nan
0.5454889526718572	nan	nan	nan	nan	nan	nan	nan	nan	nan	nan	nan	nan	0.9510495354007593	0.017573272858492257	nan	nan	nan	nan	nan	nan
0.5481127731732299	nan	nan	nan	nan	nan	nan	nan	nan	nan	nan	nan	nan	0.9670394003352559	0.0172006412637855	nan	nan	nan	nan	nan	nan
0.5507478764976571	nan	nan	nan	nan	nan	nan	nan	nan	nan	nan	nan	nan	0.965334948791725	0.01764237853355906	nan	nan	nan	nan	nan	nan
0.5533943355787075	nan	nan	nan	nan	nan	nan	nan	nan	nan	nan	nan	nan	0.9522814358433589	0.01760298378965987	nan	nan	nan	nan	nan	nan
0.5560522239799095	nan	nan	nan	nan	nan	nan	nan	nan	nan	nan	nan	nan	0.9468042137027286	0.01733760537724327	nan	nan	nan	nan	nan	nan
0.5587216159015667	nan	nan	nan	nan	nan	nan	nan	nan	nan	nan	nan	nan	0.9524489613855873	0.017353997264931406	nan	nan	nan	nan	nan	nan
0.5614025861876641	nan	nan	nan	nan	nan	nan	nan	nan	nan	nan	nan	nan	0.9593931481767426	0.01747774806343507	nan	nan	nan	nan	nan	nan
0.5640952103328618	nan	nan	nan	nan	nan	nan	nan	nan	nan	nan	nan	nan	0.9642165153996736	0.017959270059053838	nan	nan	nan	nan	nan	nan
0.5667995644895831	nan	nan	nan	nan	nan	nan	nan	nan	nan	nan	nan	nan	0.9309843638861487	0.016983253145649045	nan	nan	nan	nan	nan	nan
0.569515725475192	nan	nan	nan	nan	nan	nan	nan	nan	nan	nan	nan	nan	0.9402271755191351	0.01689716183054236	nan	nan	nan	nan	nan	nan
0.5722437707792678	nan	nan	nan	nan	nan	nan	nan	nan	nan	nan	nan	nan	0.9300352602766809	0.016995271007411324	nan	nan	nan	nan	nan	nan
0.5749837785709742	nan	nan	nan	nan	nan	nan	nan	nan	nan	nan	nan	nan	0.9610117178290455	0.01724899379181485	nan	nan	nan	nan	nan	nan
0.5777358277065241	nan	nan	nan	nan	nan	nan	nan	nan	nan	nan	nan	nan	0.9568854331834817	0.01754822453570504	nan	nan	nan	nan	nan	nan
0.5804999977367473	nan	nan	nan	nan	nan	nan	nan	nan	nan	nan	nan	nan	0.9546491014861825	0.017455531131674275	nan	nan	nan	nan	nan	nan
0.5832763689147537	nan	nan	nan	nan	nan	nan	nan	nan	nan	nan	nan	nan	0.9192958547574891	0.017272851990874857	nan	nan	nan	nan	nan	nan
0.5860650222036999	nan	nan	nan	nan	nan	nan	nan	nan	nan	nan	nan	nan	0.9394753922523444	0.017262621485794417	nan	nan	nan	nan	nan	nan
0.5888660392846613	nan	nan	nan	nan	nan	nan	nan	nan	nan	nan	nan	nan	0.9468810433065755	0.017136479357811946	nan	nan	nan	nan	nan	nan
0.5916795025646047	nan	nan	nan	nan	nan	nan	nan	nan	nan	nan	nan	nan	0.960210152629975	0.01767553761308117	nan	nan	nan	nan	nan	nan
0.594505495184472	nan	nan	nan	nan	nan	nan	nan	nan	nan	nan	nan	nan	0.9477222703420829	0.017876094133827333	0.9822646243798445	0.007548465680501126	nan	nan	nan	nan
0.5973441010273697	nan	nan	nan	nan	nan	nan	nan	nan	nan	nan	nan	nan	0.9423661473333093	0.017766971571155823	0.9073991180717916	0.01787733474323235	nan	nan	nan	nan
0.6001954047268666	nan	nan	nan	nan	nan	nan	nan	nan	nan	nan	nan	nan	0.9241412503216535	0.017398556565596603	0.9601569023155572	0.019131418090285224	nan	nan	nan	nan
0.6030594916754093	nan	nan	nan	nan	nan	nan	nan	nan	nan	nan	nan	nan	0.9262076263819197	0.01728616340009971	0.9109355626908968	0.018110411785523074	nan	nan	nan	nan
0.6059364480328419	nan	nan	nan	nan	nan	nan	nan	nan	nan	nan	nan	nan	0.9372574768377866	0.017502032408224656	0.9421492511203399	0.018557315557326374	nan	nan	nan	nan
0.6088263607350503	nan	nan	nan	nan	nan	nan	nan	nan	nan	nan	nan	nan	0.9410033641577693	0.017737680406395135	0.9119017799243953	0.01821016577928553	nan	nan	nan	nan
0.6117293175027165	nan	nan	nan	nan	nan	nan	nan	nan	nan	nan	nan	nan	0.9242958040680745	0.017415161257241258	0.8940803974599746	0.01805680447464544	nan	nan	nan	nan
0.6146454068501958	nan	nan	nan	nan	nan	nan	nan	nan	nan	nan	nan	nan	0.911808584776779	0.01710985594698264	0.903743118592186	0.017981441688017578	nan	nan	nan	nan
0.6175747180945126	nan	nan	nan	nan	nan	nan	nan	nan	nan	nan	nan	nan	0.955667242735465	0.01842188441378037	0.9295521980048618	0.018730006189095354	nan	nan	nan	nan
0.6205173413644792	nan	nan	nan	nan	nan	nan	nan	nan	nan	nan	nan	nan	0.9262776627199184	0.017883828264949986	0.9518566096358493	0.019630205608289177	nan	nan	nan	nan
0.6234733676099412	nan	nan	nan	nan	nan	nan	nan	nan	nan	nan	nan	nan	0.9373247858656537	0.018313886861498416	0.9222033052689664	0.01911594974109457	nan	nan	nan	nan
0.6264428886111462	nan	nan	nan	nan	nan	nan	nan	nan	nan	nan	nan	nan	0.9301190998907567	0.017924535317347067	0.9278498887307288	0.019056691959435452	nan	nan	nan	nan
0.6294259969882428	nan	nan	nan	nan	nan	nan	nan	nan	nan	nan	nan	nan	0.9193894524095197	0.017992148257407067	0.9149284795353541	0.018848225827302036	nan	nan	nan	nan
0.6324227862109124	nan	nan	nan	nan	nan	nan	nan	nan	nan	nan	nan	nan	0.9101507847837338	0.017515729111706613	0.9071331364732472	0.019169081880556986	nan	nan	nan	nan
0.6354333506081286	nan	nan	nan	nan	nan	nan	nan	nan	nan	nan	nan	nan	0.9247321590806307	0.017888540320984792	0.9049496818009299	0.01933015441717457	nan	nan	nan	nan
0.6384577853780571	nan	nan	nan	nan	nan	nan	nan	nan	nan	nan	nan	nan	0.9372406516250965	0.01846239848119876	0.9111602577016032	0.018819890911240145	nan	nan	nan	nan
0.6414961865980893	nan	nan	nan	nan	nan	nan	nan	nan	nan	nan	nan	nan	0.9346658980300534	0.018718192047781815	0.8945843017706563	0.018774856468640667	nan	nan	nan	nan
0.6445486512350157	nan	nan	nan	nan	nan	nan	nan	nan	nan	nan	nan	nan	0.9407103341544085	0.019077404045259743	0.9455186195634313	0.019795192044999955	nan	nan	nan	nan
0.6476152771553428	nan	nan	nan	nan	nan	nan	nan	nan	nan	nan	nan	nan	0.9296005090592627	0.020693220724703032	0.915384516526724	0.01940311846966244	nan	nan	nan	nan
0.6506961631357502	nan	nan	nan	nan	nan	nan	nan	nan	nan	nan	nan	nan	nan	nan	0.948817014801068	0.02028182596785218	nan	nan	nan	nan
0.6537914088736986	nan	nan	nan	nan	nan	nan	nan	nan	nan	nan	nan	nan	nan	nan	0.9056322606822043	0.019183333177461175	nan	nan	nan	nan
0.6569011149981825	nan	nan	nan	nan	nan	nan	nan	nan	nan	nan	nan	nan	nan	nan	0.9023597750003631	0.01969643561747163	nan	nan	nan	nan
0.6600253830806362	nan	nan	nan	nan	nan	nan	nan	nan	nan	nan	nan	nan	nan	nan	0.9168199158311212	0.019576420966963506	nan	nan	nan	nan
0.6631643156459932	nan	nan	nan	nan	nan	nan	nan	nan	nan	nan	nan	nan	nan	nan	0.9218328668183003	0.0201555347057155	nan	nan	nan	nan
0.6663180161838991	nan	nan	nan	nan	nan	nan	nan	nan	nan	nan	nan	nan	nan	nan	0.8910157368278975	0.019160826391252703	nan	nan	nan	nan
0.6694865891600882	nan	nan	nan	nan	nan	nan	nan	nan	nan	nan	nan	nan	nan	nan	0.9222006023960624	0.019634312820764104	nan	nan	nan	nan
0.6726701400279161	nan	nan	nan	nan	nan	nan	nan	nan	nan	nan	nan	nan	nan	nan	0.9420828429966474	0.020554355127752586	nan	nan	nan	nan
0.6758687752400595	nan	nan	nan	nan	nan	nan	nan	nan	nan	nan	nan	nan	nan	nan	0.9266381315548005	0.019995855377945605	nan	nan	nan	nan
0.6790826022603825	nan	nan	nan	nan	nan	nan	nan	nan	nan	nan	nan	nan	nan	nan	0.9166956684330456	0.020096826113852075	nan	nan	nan	nan
0.6823117295759699	nan	nan	nan	nan	nan	nan	nan	nan	nan	nan	nan	nan	nan	nan	0.8820192148471359	0.01988452897388108	nan	nan	nan	nan
0.6855562667093362	nan	nan	nan	nan	nan	nan	nan	nan	nan	nan	nan	nan	nan	nan	0.8785223487953697	0.019513502648337153	nan	nan	nan	nan
0.6888163242308077	nan	nan	nan	nan	nan	nan	nan	nan	nan	nan	nan	nan	nan	nan	0.9074892503922778	0.02008782049450726	nan	nan	nan	nan
0.6920920137710824	nan	nan	nan	nan	nan	nan	nan	nan	nan	nan	nan	nan	nan	nan	0.8886895900330627	0.019616132375441245	nan	nan	nan	nan
0.6953834480339738	nan	nan	nan	nan	nan	nan	nan	nan	nan	nan	nan	nan	nan	nan	0.9057793814499142	0.0199783839856728	nan	nan	nan	nan
0.6986907408093335	nan	nan	nan	nan	nan	nan	nan	nan	nan	nan	nan	nan	nan	nan	0.9262514425373702	0.02048526153826013	nan	nan	nan	nan
0.702014006986168	nan	nan	nan	nan	nan	nan	nan	nan	nan	nan	nan	nan	nan	nan	0.911261220232935	0.02033063738224822	nan	nan	nan	nan
0.7053533625659406	nan	nan	nan	nan	nan	nan	nan	nan	nan	nan	nan	nan	nan	nan	0.9614376945918593	0.022000277430336182	nan	nan	nan	nan
0.7087089246760686	nan	nan	nan	nan	nan	nan	nan	nan	nan	nan	nan	nan	nan	nan	0.9611868931416911	0.021675655760636587	nan	nan	nan	nan
0.7120808115836194	nan	nan	nan	nan	nan	nan	nan	nan	nan	nan	nan	nan	nan	nan	0.9278970114428027	0.020904968333478803	nan	nan	nan	nan
0.7154691427092019	nan	nan	nan	nan	nan	nan	nan	nan	nan	nan	nan	nan	nan	nan	0.8867672593214564	0.02069775247276956	0.8771436533252688	0.017581008847376848	nan	nan
0.7188740386410698	nan	nan	nan	nan	nan	nan	nan	nan	nan	nan	nan	nan	nan	nan	0.9437140976410536	0.021533843995906004	0.905357620225437	0.01928376524995113	nan	nan
0.722295621149423	nan	nan	nan	nan	nan	nan	nan	nan	nan	nan	nan	nan	nan	nan	0.9298190048266758	0.021427751836719702	0.8877563818099894	0.01885492489894447	nan	nan
0.7257340132009268	nan	nan	nan	nan	nan	nan	nan	nan	nan	nan	nan	nan	nan	nan	0.9224472346005876	0.021345501809985526	0.9229510592385217	0.019479757528473227	nan	nan
0.7291893389734432	nan	nan	nan	nan	nan	nan	nan	nan	nan	nan	nan	nan	nan	nan	0.9290130892809151	0.02147490113050176	0.9203251412947642	0.019574544198125855	nan	nan
0.7326617238709777	nan	nan	nan	nan	nan	nan	nan	nan	nan	nan	nan	nan	nan	nan	0.9236417542329995	0.02161983965541125	0.886570662255933	0.018987659666087946	nan	nan
0.7361512945388542	nan	nan	nan	nan	nan	nan	nan	nan	nan	nan	nan	nan	nan	nan	0.927795415982034	0.022108376905061473	0.8731071723481462	0.0185059280926824	nan	nan
0.7396581788791092	nan	nan	nan	nan	nan	nan	nan	nan	nan	nan	nan	nan	nan	nan	0.8916268070235903	0.021560046888477836	0.8895733802123731	0.018773723547111733	nan	nan
0.7431825060661196	nan	nan	nan	nan	nan	nan	nan	nan	nan	nan	nan	nan	nan	nan	0.9197969881079917	0.021867286484735824	0.8770766248869467	0.01866152229768627	nan	nan
0.7467244065624649	nan	nan	nan	nan	nan	nan	nan	nan	nan	nan	nan	nan	nan	nan	0.9398924052342142	0.02280882778807626	0.9288989378024614	0.020246011525218807	nan	nan
0.7502840121350225	nan	nan	nan	nan	nan	nan	nan	nan	nan	nan	nan	nan	nan	nan	0.945376348412365	0.02256638959071954	0.8988367048256292	0.019785795479703966	nan	nan
0.7538614558713114	nan	nan	nan	nan	nan	nan	nan	nan	nan	nan	nan	nan	nan	nan	0.9306877940173361	0.0222024955928298	0.9210790155357376	0.01988262646357703	nan	nan
0.7574568721960772	nan	nan	nan	nan	nan	nan	nan	nan	nan	nan	nan	nan	nan	nan	0.9225870949140391	0.022293933038165934	0.9210052131211517	0.019730408880885418	nan	nan
0.7610703968881293	nan	nan	nan	nan	nan	nan	nan	nan	nan	nan	nan	nan	nan	nan	0.9074832241974187	0.022303036513814316	0.9176007902214964	0.02020467916204963	nan	nan
0.7647021670974353	nan	nan	nan	nan	nan	nan	nan	nan	nan	nan	nan	nan	nan	nan	0.8924200689420105	0.022370786801505636	0.9086355549042814	0.02033084664374604	nan	nan
0.7683523213624701	nan	nan	nan	nan	nan	nan	nan	nan	nan	nan	nan	nan	nan	nan	0.913624889684822	0.023317006177102577	0.912527357266673	0.020484739360908204	nan	nan
0.772020999627835	nan	nan	nan	nan	nan	nan	nan	nan	nan	nan	nan	nan	nan	nan	0.9563840201845663	0.024182161761557436	0.884264752178721	0.019532532421805367	nan	nan
0.7757083432621412	nan	nan	nan	nan	nan	nan	nan	nan	nan	nan	nan	nan	nan	nan	0.9262909065665422	0.023787782575368073	0.9102115250077715	0.020157923998403684	nan	nan
0.779414495076168	nan	nan	nan	nan	nan	nan	nan	nan	nan	nan	nan	nan	nan	nan	0.9266519899285395	0.023580809142749338	0.9363956387609317	0.020879009466854285	nan	nan
0.7831395993413027	nan	nan	nan	nan	nan	nan	nan	nan	nan	nan	nan	nan	nan	nan	0.9613069187077254	0.024033292497208366	0.9129324327324069	0.020393808138156083	nan	nan
0.7868838018082577	nan	nan	nan	nan	nan	nan	nan	nan	nan	nan	nan	nan	nan	nan	0.9426493877383638	0.024661368861419626	0.9795242094930563	0.02261756053946548	nan	nan
0.7906472497260839	nan	nan	nan	nan	nan	nan	nan	nan	nan	nan	nan	nan	nan	nan	0.9587609516596926	0.025237456853742297	0.952875213153711	0.021152334864295647	nan	nan
0.7944300918614716	nan	nan	nan	nan	nan	nan	nan	nan	nan	nan	nan	nan	nan	nan	0.9564978868259179	0.025356238164868337	0.9554384522802957	0.021976497803115443	nan	nan
0.7982324785183541	nan	nan	nan	nan	nan	nan	nan	nan	nan	nan	nan	nan	nan	nan	0.9349756863048013	0.02504594578508747	0.9750191597471263	0.022538260065096842	nan	nan
0.8020545615578163	nan	nan	nan	nan	nan	nan	nan	nan	nan	nan	nan	nan	nan	nan	0.9784451620245479	0.026341003377645656	0.9840542239124972	0.022161578270728354	nan	nan
0.8058964944183088	nan	nan	nan	nan	nan	nan	nan	nan	nan	nan	nan	nan	nan	nan	0.9891131982019283	0.02774516719296119	0.9770422244002933	0.022512007913652998	nan	nan
0.8097584321361848	nan	nan	nan	nan	nan	nan	nan	nan	nan	nan	nan	nan	nan	nan	0.9442806484380555	0.02588438408752679	0.9766525355671334	0.022546046766052336	nan	nan
0.8136405313665531	nan	nan	nan	nan	nan	nan	nan	nan	nan	nan	nan	nan	nan	nan	0.9764425327122661	0.02689010045960739	1.0185870120605556	0.023495767664410045	nan	nan
0.8175429504044605	nan	nan	nan	nan	nan	nan	nan	nan	nan	nan	nan	nan	nan	nan	1.021913693985886	0.02811257921402667	0.999209002675378	0.023140467075804087	nan	nan
0.8214658492064085	nan	nan	nan	nan	nan	nan	nan	nan	nan	nan	nan	nan	nan	nan	1.0108302626627368	0.029466808073552456	1.0144048212261831	0.023672708879882796	nan	nan
0.8254093894122074	nan	nan	nan	nan	nan	nan	nan	nan	nan	nan	nan	nan	nan	nan	nan	nan	0.9675845743945354	0.022688083946969136	nan	nan
0.8293737343671802	nan	nan	nan	nan	nan	nan	nan	nan	nan	nan	nan	nan	nan	nan	nan	nan	1.0405542757187916	0.024941479288955046	nan	nan
0.8333590491447128	nan	nan	nan	nan	nan	nan	nan	nan	nan	nan	nan	nan	nan	nan	nan	nan	0.9999700194453309	0.023457736453001157	nan	nan
0.8373655005691693	nan	nan	nan	nan	nan	nan	nan	nan	nan	nan	nan	nan	nan	nan	nan	nan	1.0457608216596348	0.025238088088495703	nan	nan
0.8413932572391697	nan	nan	nan	nan	nan	nan	nan	nan	nan	nan	nan	nan	nan	nan	nan	nan	1.0272893832028935	0.024960972460467214	nan	nan
0.8454424895512384	nan	nan	nan	nan	nan	nan	nan	nan	nan	nan	nan	nan	nan	nan	nan	nan	1.0409763582246492	0.025907011980211645	nan	nan
0.8495133697238368	nan	nan	nan	nan	nan	nan	nan	nan	nan	nan	nan	nan	nan	nan	nan	nan	1.010885082386975	0.024547905864943948	nan	nan
0.8536060718217777	nan	nan	nan	nan	nan	nan	nan	nan	nan	nan	nan	nan	nan	nan	nan	nan	1.0047874101414378	0.024354945888027175	nan	nan
0.8577207717810349	nan	nan	nan	nan	nan	nan	nan	nan	nan	nan	nan	nan	nan	nan	nan	nan	1.0458547968211258	0.025810859610168203	nan	nan
0.8618576474339561	nan	nan	nan	nan	nan	nan	nan	nan	nan	nan	nan	nan	nan	nan	nan	nan	1.0298369595222263	0.024972531176582737	nan	nan
0.8660168785348795	nan	nan	nan	nan	nan	nan	nan	nan	nan	nan	nan	nan	nan	nan	nan	nan	1.0879667231641326	0.026382840459120628	nan	nan
0.870198646786174	nan	nan	nan	nan	nan	nan	nan	nan	nan	nan	nan	nan	nan	nan	nan	nan	1.0621041970395628	0.02624441303670922	nan	nan
0.8744031358646964	nan	nan	nan	nan	nan	nan	nan	nan	nan	nan	nan	nan	nan	nan	nan	nan	1.0661753523296111	0.02714254241463905	nan	nan
0.8786305314486855	nan	nan	nan	nan	nan	nan	nan	nan	nan	nan	nan	nan	nan	nan	nan	nan	1.0757291522838623	0.026981725465696025	nan	nan
0.8828810212450984	nan	nan	nan	nan	nan	nan	nan	nan	nan	nan	nan	nan	nan	nan	nan	nan	1.1220143804078055	0.02827317708215687	nan	nan
0.8871547950173878	nan	nan	nan	nan	nan	nan	nan	nan	nan	nan	nan	nan	nan	nan	nan	nan	1.0979253426640452	0.027616205761626503	nan	nan
0.8914520446137496	nan	nan	nan	nan	nan	nan	nan	nan	nan	nan	nan	nan	nan	nan	nan	nan	1.1531687655534835	0.029884030844685057	nan	nan
0.8957729639958251	nan	nan	nan	nan	nan	nan	nan	nan	nan	nan	nan	nan	nan	nan	nan	nan	1.1898837951588221	0.03156687001599792	nan	nan
0.9001177492678871	nan	nan	nan	nan	nan	nan	nan	nan	nan	nan	nan	nan	nan	nan	nan	nan	1.1345448547187746	0.029724375382786855	nan	nan
0.9044865987065075	nan	nan	nan	nan	nan	nan	nan	nan	nan	nan	nan	nan	nan	nan	nan	nan	1.2030649171662655	0.031272759867650934	nan	nan
0.9088797127907182	nan	nan	nan	nan	nan	nan	nan	nan	nan	nan	nan	nan	nan	nan	nan	nan	1.1747440106367515	0.031130951971605276	nan	nan
0.9132972942326805	nan	nan	nan	nan	nan	nan	nan	nan	nan	nan	nan	nan	nan	nan	nan	nan	1.2587234928628013	0.03353079671334557	nan	nan
0.9177395480088621	nan	nan	nan	nan	nan	nan	nan	nan	nan	nan	nan	nan	nan	nan	nan	nan	1.2542237230530393	0.03382199993517316	nan	nan
0.9222066813917427	nan	nan	nan	nan	nan	nan	nan	nan	nan	nan	nan	nan	nan	nan	nan	nan	1.2108075865445531	0.03301403058795839	1.2612262087172115	0.028873505371390114
0.9266989039820537	nan	nan	nan	nan	nan	nan	nan	nan	nan	nan	nan	nan	nan	nan	nan	nan	1.2423595779614964	0.03381520881273458	1.2886014780763726	0.03537921665537867
0.9312164277415578	nan	nan	nan	nan	nan	nan	nan	nan	nan	nan	nan	nan	nan	nan	nan	nan	1.2220541080180534	0.03338474905713483	1.2886109492064102	0.03560874997992736
0.9357594670263908	nan	nan	nan	nan	nan	nan	nan	nan	nan	nan	nan	nan	nan	nan	nan	nan	1.3083593109642233	0.037018782829596385	1.3452555138325941	0.037580983697729914
0.9403282386209655	nan	nan	nan	nan	nan	nan	nan	nan	nan	nan	nan	nan	nan	nan	nan	nan	1.338701908175436	0.03722109003635599	1.2678357614757991	0.035485099512821916
0.9449229617724528	nan	nan	nan	nan	nan	nan	nan	nan	nan	nan	nan	nan	nan	nan	nan	nan	1.2446615361791227	0.03558682295283587	1.3401603979520698	0.03881342417395559
0.9495438582258579	nan	nan	nan	nan	nan	nan	nan	nan	nan	nan	nan	nan	nan	nan	nan	nan	1.315913993168805	0.03751018417181366	1.274496086225965	0.037634816255594165
0.9541911522596872	nan	nan	nan	nan	nan	nan	nan	nan	nan	nan	nan	nan	nan	nan	nan	nan	1.401143662479392	0.04024020862736865	1.3079705911917126	0.03811131281100424
0.9588650707222411	nan	nan	nan	nan	nan	nan	nan	nan	nan	nan	nan	nan	nan	nan	nan	nan	1.2787256164811838	0.03828317435868158	1.2166716305450234	0.03567260790516845
0.9635658430685217	nan	nan	nan	nan	nan	nan	nan	nan	nan	nan	nan	nan	nan	nan	nan	nan	1.344663127184449	0.04041223348216822	1.341822754945537	0.04004807505708783
0.9682937013977817	nan	nan	nan	nan	nan	nan	nan	nan	nan	nan	nan	nan	nan	nan	nan	nan	1.4037645414652982	0.04341994575415189	1.2980258251544319	0.03904444568670297
0.9730488804917309	nan	nan	nan	nan	nan	nan	nan	nan	nan	nan	nan	nan	nan	nan	nan	nan	1.2499101477615953	0.03819178037784452	1.2940336800145094	0.040195385749554814
