0.18205443805914684	1.0862447520121572	0.020002638481902518
0.1833081725129778	1.0710867099931014	0.01956206234943952
0.18456556978122354	1.0459641295265807	0.019470413327192012
0.18582664593886225	1.0501878302330967	0.019519759590801714
0.18709141715507419	1.0646769286571591	0.02018658167069299
0.1883598996939326	1.0635123590211302	0.02029808733313292
0.18963210991510127	1.0456799567633182	0.01998760643375368
0.19090806427453735	1.0878337728572802	0.020799527805928347
0.19218777932520123	1.055503485858795	0.020332648244957306
0.1934712717177721	1.059493280897649	0.020539299578202413
0.1947585582013704	1.0006183043672239	0.019570121994111827
0.196049655624286	1.0796252313669064	0.021059461098421092
0.1973445809347138	1.138052623810537	0.022104365837941887
0.19864335118149476	1.0876209946280742	0.02088035708659278
0.19994598351486448	1.0694049697504795	0.020982837346406918
0.20125249518720786	1.0881281798584344	0.021435699524474997
0.2025629035538211	1.0748269363286842	0.021284182037785346
0.2038772260736799	1.0714695696480114	0.02115729462481838
0.20519548031021473	1.1121396172931073	0.022027483182136966
0.20651768393209363	1.0728465239625953	0.021490426444539756
0.20784385471401115	1.0793335405822786	0.021515673221866715
0.20917401053748502	1.0916792511707911	0.021919854488540183
0.21050816939165995	1.1079443838664509	0.022045765810872874
0.21184634937411853	1.0897165229234673	0.021871392731672587
0.21318856869169936	1.086803263166397	0.022060159927260636
0.21453484566132303	1.0950124530018175	0.021958919955446334
0.2158851987108252	1.0716247117168851	0.02192257760878529
0.2172396463797975	1.0886377840867314	0.022049715357226798
0.21859820732043583	1.0811804190615395	0.02200616872885563
0.2199609002983968	1.1012474546868747	0.022542465989602654
0.22132774419366177	1.049412585650954	0.021771880613807377
0.22269875800140837	1.0537674504875674	0.021974509142004016
0.2106545092459443	1.0889137766219827	0.015286087189074064
0.21215381477672526	1.0375767757812557	0.014409147701176185
0.2136581910126337	1.1020984048458435	0.015629697774183535
0.21516766372120327	1.0352746905807675	0.014581154815893959
0.2166822588448523	1.0506016516625925	0.0149366470739595
0.21820200250237035	1.0464884908970207	0.014944486687945815
0.2197269209904196	1.0420953929280725	0.014842629685433689
0.22125704078505123	1.0624544464245265	0.015213510225142711
0.2227923885432382	1.058729691330455	0.015222329181596552
0.224332991104423	1.0677999638121332	0.0154919933630265
0.22587887549208158	1.0708438312259234	0.015664777299806965
0.22743006891530368	1.099057839189745	0.015833720122938846
0.22898659877038893	1.0614277321725538	0.015515999220682931
0.23054849264245975	1.0372769560675605	0.015112478282542436
0.23211577830709118	1.064392784428646	0.015496547489011976
0.23368848373195708	1.0226079051653674	0.01485406237081733
0.2352666370784938	1.039105918224086	0.01524688047765123
0.23685026670358142	1.0910899005924966	0.015972024674931553
0.23843940116124157	1.0387379532675598	0.015336730494716531
0.24003406920435413	1.071861741828248	0.01596796937775702
0.24163429978639134	1.037748839754375	0.015269241931423762
0.24324012206316978	1.047337124435682	0.015593827449872085
0.24485156539462127	1.057279246564884	0.01578805624167157
0.24646865934658269	1.0628871540198106	0.01588871512654921
0.24809143369260325	1.0949120504732266	0.01655109886634539
0.24971991841577276	1.0409806234377657	0.01564107699360573
0.2513541437105675	1.0631141636602004	0.01592783724663493
0.2529941399847169	1.0457333052927427	0.015898377023549567
0.2546399378610893	1.0815721252831674	0.016673381280251455
0.256291568179598	1.0481905176107003	0.015967187369194006
0.25794906199912776	1.05915036458724	0.016194936098227114
0.25961245059948146	1.062634351837233	0.016359070918662882
0.24560570312520572	1.0549701920399706	0.012733221567046005
0.24742307116175496	1.0577358961370273	0.01282153212550149
0.24924760941949398	1.0521606682391171	0.012706180504912814
0.2510793604162493	1.0491511398777775	0.012801900515210681
0.2529183670066749	1.0585728782172323	0.013018808674515556
0.2547646723855946	1.0430499312634414	0.01285292420242671
0.2566183200913835	1.0492566247042665	0.013057541308994558
0.25847935400939076	1.029613486098329	0.012755855734880854
0.26034781837540266	1.0501056095062735	0.013099976732727003
0.26222375777914775	1.0461306082199993	0.0130930077253825
0.2641072171678437	1.0494436199237869	0.01310444845621706
0.26599824184978743	1.0630259285805344	0.013402633504358104
0.267896877497988	1.0624237658694828	0.01330574524242581
0.26980317015384386	1.0421558056312512	0.013220310896667328
0.27171716623086445	1.0522195018770635	0.013323779938971105
0.273638912518437	1.0585841679589787	0.01343753998486839
0.27556845618564013	1.0757625364936632	0.01369919684148574
0.2775058447851016	1.0343335890046963	0.01328729186075084
0.2794511262569061	1.0515271663804004	0.013458574392884436
0.2814043489325489	1.0540468536767607	0.013566061965469998
0.2833655615389387	1.0593584349163567	0.01355034248853039
0.2853348132024498	1.0502866162991846	0.01363432094697757
0.2873121534530239	1.0619503961922778	0.013829188507636422
0.28929763222832283	1.0630700916002538	0.01381343666939763
0.2912912998779324	1.037261496228734	0.013473016901091267
0.2932932071676187	1.0410364628132505	0.01368720852429742
0.29530340528363686	1.0372047564732931	0.013585388817340996
0.29732194583709376	1.0791184719386033	0.014221824582667936
0.2993488808683654	1.0214916072162312	0.013542190511731203
0.30138426285156855	1.0486233760303796	0.013967342080800532
0.30342814469908996	1.076871092333763	0.014396072813900089
0.3054805797661701	1.0300131558198269	0.013800612668994641
0.287012429315267	1.0616216216240437	0.012454641437278834
0.28923219044836973	1.0302344532313237	0.012209979716416563
0.29146219269396667	1.038096834078796	0.012249789034815425
0.2937025070886762	1.0479789128366472	0.012424419921747342
0.2959532053276252	1.0462195062670452	0.012539158784712416
0.2982143597720979	1.0630519023769633	0.012872234595164227
0.30048604345729	1.0635028980650052	0.012888677652331159
0.30276833010017257	1.0340533246303265	0.012519435705031693
0.30506129410746624	1.0575663635991182	0.01279305054972641
0.30736501058372734	1.0579712529432195	0.012901286178934487
0.30967955533954783	1.0525691508008475	0.012868218052961032
0.31200500489987154	1.0210414147040712	0.012588363734622448
0.31434143651242824	1.0627353184572317	0.013187577262022184
0.31668892815628696	1.0230557618973046	0.012743624126567862
0.31904755855053174	1.0385593765355132	0.012900924163226584
0.3214174071630606	1.0451624234023067	0.013013620258105634
0.323798554219511	1.0507618883845071	0.013141187683589819
0.3261910807123124	1.032884885441321	0.012907578690282721
0.3285950684098697	1.0562692037560346	0.013273253218878933
0.3310105998658788	1.064724979250886	0.013396524122196059
0.3334377584287758	1.047288388409035	0.013391600506838271
0.3358766282513251	1.0314208842385943	0.01315861926142319
0.33832729430034375	1.0272870836864245	0.013197167306662693
0.3407898423665698	1.0296800028112738	0.013339742712109406
0.34326435907467284	1.038561965105661	0.013349048846276136
0.34575093189341244	1.0042695660638465	0.012999556589977783
0.348249649145943	1.0117008180737839	0.013225845833259108
0.35076060002027315	1.050466729830819	0.013680900012519957
0.3532838745798758	1.0569656379655437	0.013929961930502496
0.35581956377445834	1.027440070969524	0.013502632897863194
0.3583677594508882	1.060382204251441	0.0139674522039945
0.3609285543642844	1.0238399250174728	0.013757221281369312
0.3389381970125749	1.0569177245370647	0.012945847009138834
0.3417018319542989	1.022763532346453	0.012537818068319636
0.34448053657601213	1.0328846442411506	0.012797423609851291
0.3472744344736911	1.0253271801859165	0.012798363857165153
0.3500836505986019	1.0412178511201884	0.013167514396472743
0.35290831127592903	1.0313494952089735	0.013021864167292818
0.35574854422371094	1.011944258207243	0.01290506493598413
0.35860447857209005	1.0207222594601109	0.01307911653969599
0.3614762448828826	1.0012827702277196	0.012894892696844365
0.36436397516947583	1.0242257575576168	0.01325301314066994
0.3672678029170562	0.9957016841595127	0.012821976373380716
0.3701878631031789	1.032137345067856	0.013475122905459902
0.3731242922186811	1.0335633830358193	0.013585218151526513
0.37607722828895	1.026392856325155	0.013391931109162987
0.37904681089554904	1.0136929020469105	0.013408736507597167
0.3820331811982115	1.0088386447860311	0.013347968778575569
0.3850364819572079	1.0093497489184375	0.013515349274889218
0.3880568575560955	1.0062455700286819	0.013445181975108664
0.3910944540248561	1.0059654948182875	0.013601661662469705
0.3941494190634314	1.0041952664729858	0.013609025519046487
0.3972219020656625	1.022113617202638	0.014025102585151968
0.4003120541436435	1.0287632146584202	0.014093180978696628
0.4034200281524953	1.0246428438626136	0.01416030490875781
0.40654597871557036	1.0192883959658388	0.014220686202909408
0.4096900622500949	1.0496122492103557	0.01476410194085717
0.41285243699325974	1.0006018958094516	0.014093061657988055
0.416033263028767	1.0182985557855118	0.01442863592508332
0.41923270231384385	1.0403112206997935	0.014923939405280225
0.4224509187067301	0.9986920384581098	0.014311489607144968
0.4256880779946537	0.9910272728839625	0.014222441967926101
0.42894434792229896	1.0220849769089082	0.014870327321439798
0.4322198982207826	0.9707141089436696	0.014082232646223252
0.40427970956209214	1.0009476887614799	0.010882729350971974
0.4077898811258455	1.0006783928230267	0.010935471224663694
0.411322907093919	0.97819938229136	0.01069991449161993
0.4148790113997054	0.9875512850654004	0.0108548728494118
0.41845842091172714	0.9848522410611721	0.011082334918081542
0.4220613654818837	0.9768019782209313	0.011032172674178737
0.4256880779946537	0.988790598519283	0.011283523779989377
0.42933879441727296	0.9874068851325177	0.011313202698615235
0.43301375385091395	1.0121686269325478	0.011764519404996985
0.4367131985828867	0.9898400621118573	0.011456118137250263
0.4404373741398875	0.974933816985031	0.011403083178089789
0.4441865293423189	0.9819196549277575	0.011530167068743333
0.4479609163597058	0.9889754582450107	0.01170175233728368
0.4517607907672353	1.014956991238778	0.012184531133939662
0.4555864116034446	0.9811427259203019	0.011764636297710188
0.45943804142908673	1.0062753171396814	0.012169256231680315
0.46331594638720003	0.9944143098778971	0.012158453208286197
0.46722039626441153	0.9966792949653052	0.012287734934400978
0.47115166455350366	0.9766513860263196	0.012024393263701688
0.47511002851727435	0.9830140440425207	0.012274496956155295
0.47909576925372244	0.993212585207318	0.012447949513791344
0.48310917176259044	0.9822802179211967	0.012471024896882971
0.4871505250132969	0.9852299884758661	0.012599012209195262
0.49122012201429394	0.9928966228342787	0.012802390705174487
0.49531825988388245	0.9611477642180555	0.012386782824938276
0.4994452399225253	0.9666353017453824	0.012620504591782693
0.5036013676866893	0.9821803876534414	0.012981423746692224
0.5077869530642605	0.9808202010382471	0.012984081431399763
0.5120023103515655	0.9771442891843096	0.013099162869417704
0.5162477583320458	0.9652866961719831	0.013151698174331577
0.5205236203566198	0.9827033744174806	0.01356134318086355
0.5248302244257795	0.9791973319246914	0.013571711528321801
0.4872977546357104	0.9797288943226842	0.008680175750060084
0.4918564726925381	0.9689823409144204	0.008636229817248937
0.4964510150567179	0.9830430560794402	0.008881219851676727
0.5010818056775528	0.9584349438950475	0.008727702563405559
0.5057492752202625	0.9676642561761687	0.00893998265773327
0.510453861199499	0.9776590210758037	0.009139395687174605
0.5151960081160597	0.9728479933226708	0.009174051894619494
0.5199761675968879	0.9910205265082712	0.009415525164286844
0.5247947985384536	0.9523613650247321	0.009008247925043567
0.5296523672536091	0.9597062944167146	0.009265253270761976
0.5345493476220224	0.9711850427831348	0.009484454223546965
0.5394862212442829	0.9746614193711464	0.009548241056000413
0.5444634775997912	0.9778971531629087	0.009729154059199156
0.5494816142085392	0.9732596710341364	0.009831419888196236
0.5545411367968933	0.9717266445511188	0.009945096406411726
0.559642559467494	0.9593173047717899	0.009797751679246708
0.5647864048733967	0.9801137111204917	0.010170745674361423
0.5699732043965752	0.9587153945053207	0.009943064958895024
0.5752034983309124	0.981032933146888	0.01041049689272308
0.580477836069818	0.9537329455932106	0.010149310641166009
0.5857967762986028	0.9703642044021289	0.010465927649433989
0.5911608871917573	0.9628515132530172	0.010465526361008884
0.5965707466152735	0.9725571747589591	0.01067176796023554
0.6020269423341702	0.9573007408440428	0.010678070941670654
0.6075300722253699	0.9467972249018494	0.010558022666865705
0.6130807444960961	0.9694784691921028	0.01100096914194336
0.6186795779079517	0.953133707976805	0.010942195221696966
0.6243272020068603	0.9694511245498064	0.011380140808072642
0.6300242573590399	0.9627757144846735	0.011437055162921591
0.635771395793205	0.9576926380323154	0.01139168283551122
0.6415692806491814	0.952773456785844	0.011606596864023882
0.647418587033136	0.9435420152438423	0.011600673341327153
0.5986769252439875	0.9621485386349531	0.00991364489601003
0.6048186554780532	0.9349089069547345	0.009823189253590854
0.6110197882059921	0.9330389923522399	0.009879737342733268
0.6172811894224561	0.935625096116632	0.010018422721459974
0.6236037420374119	0.9353470861725787	0.010160089437178077
0.6299883462911715	0.9371170246372463	0.010402143696854329
0.636435920181703	0.9434373139840203	0.010639214891196867
0.6429473999046492	0.9435503508953884	0.010788855141169087
0.6495237403064936	0.9479803039880562	0.01095301495683417
0.6561659153513356	0.951304205238101	0.011134545871825097
0.662874918601757	0.9439454280207754	0.011410697888853754
0.6696517637142737	0.9603368749167167	0.011612005296894712
0.6764974849498954	0.9335928639425917	0.011467642673061707
0.683413137700331	0.9516217018623677	0.011944007565043357
0.6903997990304044	0.9290028669280175	0.01181434806372973
0.6974585682372619	0.9533703140193115	0.01228201003194018
0.7045905674269878	0.9492399938609667	0.012372930595582086
0.7117969421092561	0.9451489565389088	0.01263481536101055
0.7190788618106851	0.9601744373166119	0.013128175273165022
0.7264375207075839	0.9510732365892391	0.01315598136951521
0.7338741382788059	1.0083164738183192	0.01425321306429742
0.741389959979468	0.9318061322694705	0.013312942617554828
0.7489862579363038	0.9956902800287503	0.01461188769974051
0.756664331665481	0.9986502231037985	0.015015267210515217
0.764425508813721	0.9699778295396158	0.015042190600595765
0.7722711459236181	0.9903118787373693	0.015535647306479468
0.7802026292240775	0.9853294430824368	0.015698085300959435
0.7882213754468463	1.0143107283742034	0.016593720203295526
0.7963288326701393	1.0150828438808106	0.016910031515357107
0.8045264811904247	1.0351164333277632	0.01791152233544873
0.8128158344234636	1.0285040281115705	0.018117882572353344
0.8211984398357598	1.0351491581696526	0.01890083106850025
0.7178385538562371	0.9715013688208449	0.009852233796403157
0.7258981018811559	0.9583926375945307	0.009839036659123383
0.7340512973146622	0.9526592466500543	0.009932425691610021
0.7422997818899769	0.9724132001328444	0.010415295600870107
0.7506452359408675	0.9771587116992391	0.010778682836982556
0.7590893795428301	0.9675940158192623	0.01080375014399992
0.7676339736949974	0.9674049551608003	0.011032424968602393
0.776280821544477	1.0075505387150545	0.011781404951408477
0.7850317696549114	1.0115264880386257	0.012114533551672118
0.7938887093211311	1.0176550990595326	0.012433054056254306
0.8028535779318692	1.0702922970445783	0.013589219838649351
0.8119283603825969	1.0229848008749916	0.01288276911312651
0.8211150905406476	1.0322689048995148	0.013493213564314875
0.8304158527648986	1.0504304249709937	0.014147058589636675
0.8398327834823965	1.0694112447014503	0.014803709254280864
0.8493680728244305	1.0618237962813408	0.014958184422853682
0.8590239663246859	1.0960411654379716	0.01604181954283565
0.8688027666822451	1.1588137679233093	0.017512321307795956
0.8787068355923388	1.1898563251503897	0.018488790583055584
0.8887385956479095	1.2414208592108495	0.019754878650291196
0.8989005323152024	1.2734728686686834	0.020820608971640207
0.9091951959867659	1.2824949562136099	0.021627501033250552
0.9196252041154244	1.344001521920991	0.02377493344198887
0.9301932434329746	1.3278150352849951	0.023955702510788452
0.9409020722575568	1.4409607240844151	0.027712620603786185
0.9517545228938621	1.394702962446391	0.027247598193707364
0.9627535041305598	1.4225682611121517	0.02957412672328886
0.9739020038395787	1.3965753329288966	0.030616990510647497
0.985203091682112	1.269306624993714	0.028871544098583224
0.9966599219265022	1.2912571341791874	0.0313398213431568
1.0082757363834325	1.2278802312414134	0.03172208633806161
1.0200538674641655	1.1922020291686246	0.03138923952563331
0.9266088122889723	1.3105172296417253	0.018721637343017433
0.9385890602566367	1.4395695377349118	0.02228814954859535
0.9507496061072945	1.4584018529399114	0.023839645109785562
0.9630945508151936	1.39770936412048	0.02390545073174382
0.9756281206766336	1.3799358476053998	0.02520087592407511
0.9883546721339812	1.2893094682511785	0.024630065809935105
1.0012786968242386	1.2512795252993614	0.025588873193630575
1.014404826864469	1.2607326273382389	0.027644967593346226
1.0277378403871236	1.2856399425347167	0.02962683804682597
1.0412826673391913	1.4388164308053462	0.03542654466072626
1.0550443955599322	1.518667633520553	0.03943485635323288
1.0690282771529538	1.6962544132289656	0.04688575317956167
1.0832397351693848	1.9538273008810354	0.05835301784996778
1.0976843706200201	2.211876001626973	0.07066123330654438
1.1123679698354731	2.543447812298218	0.0917393567437726
1.1272965121946696	2.8540392441088813	0.1078275083052382
1.1424761782433541	3.23141694587115	0.134983392477301
1.1579133582257783	3.131129118533092	0.14168713679215192
1.1736146610543043	3.2947225192635283	0.15976572010238474
1.1895869237433838	3.315662593892588	0.17443215908171375
1.2058372213361885	3.360859973275754	0.2029970061356687
1.2223728773541975	3.3458517827101426	0.21481976699617666
1.2392014748021316	3.0962487281913416	0.220451320554632
1.2563308677630145	3.431203920355977	0.2641508856642208
1.2737691936205822	3.538428782353358	0.3133791328901228
1.2915248859490172	2.789121644255183	0.26332063276565665
1.3096066881128983	3.4616493824903904	0.38019058637213526
1.3280236676234496	3.3587935110940457	0.423469482772826
1.3467852313006037	2.95901032525833	0.4145357591076184
1.3659011412941677	3.3317804480589595	0.5217182195956092
1.3853815320213956	3.290873555212849	0.6085514025575134
1.4052369280827326	3.375876233040798	0.6952383625733476
