0.18205443805914684	1.0662730179791673	0.02259190332461555
0.1833081725129778	1.0871877335431817	0.023102258360703013
0.18456556978122354	1.050160895604244	0.022620414498872945
0.18582664593886225	1.071005597190977	0.023144014122315835
0.18709141715507419	1.033013863994524	0.022410448457477222
0.1883598996939326	1.0537467505561906	0.023143567839978344
0.18963210991510127	1.0275065409037674	0.022609690544942516
0.19090806427453735	1.083306438544292	0.023952402059763987
0.19218777932520123	1.0591037302560167	0.02356194369866415
0.1934712717177721	1.0673781982128607	0.023900643327028452
0.1947585582013704	0.9937197349217094	0.02233399899389901
0.196049655624286	1.0802003998341365	0.02435720637680997
0.1973445809347138	1.128441328578642	0.025311114335393965
0.19864335118149476	1.0913489681696693	0.024323970065228084
0.19994598351486448	1.0371079992977752	0.023336843154435145
0.20125249518720786	1.0373809021602092	0.02344067197541775
0.2025629035538211	1.053380496081539	0.02395174497054497
0.2038772260736799	1.081945261148568	0.024755668625088174
0.20519548031021473	1.087633591771035	0.02482436698451415
0.20651768393209363	1.0670858053660113	0.024642140365398486
0.20784385471401115	1.085250917942506	0.02500473001325283
0.20917401053748502	1.0775944910742674	0.024962614153813623
0.21050816939165995	1.081051032219294	0.024841289996117285
0.21184634937411853	1.090847168008218	0.025326104869050087
0.21318856869169936	1.0535492161714066	0.024521972221858264
0.21453484566132303	1.0862039488016446	0.02512880681586801
0.2158851987108252	1.0716141549378695	0.025275871931179947
0.2172396463797975	1.0707348811196489	0.0250124383477029
0.21859820732043583	1.1148746988520988	0.02649077434424033
0.2199609002983968	1.1059714188720136	0.026212172292675927
0.22132774419366177	1.0261711743711546	0.02447310486459865
0.22269875800140837	1.0113877770125212	0.02407786242692912
0.2106545092459443	1.0487889188823216	0.01829951980641573
0.21215381477672526	1.0732598005463816	0.018980404662003757
0.2136581910126337	1.0561074367707939	0.018581808583264876
0.21516766372120327	1.0508965120793694	0.018738801574503406
0.2166822588448523	1.0624030050653515	0.019121532928535637
0.21820200250237035	1.0555412447068586	0.019092266233418722
0.2197269209904196	1.0444610323736931	0.018785628734984468
0.22125704078505123	1.0302487539873066	0.01837342921972786
0.2227923885432382	1.0859431729570854	0.019896943677765833
0.224332991104423	1.0430622386191588	0.018910287018739143
0.22587887549208158	1.0538110925603552	0.019301127004974664
0.22743006891530368	1.0904134867132285	0.019741304362973115
0.22898659877038893	1.0632081601600687	0.019642278252039007
0.23054849264245975	1.033503694449184	0.018969150929501254
0.23211577830709118	1.0832743018195987	0.020012861999842105
0.23368848373195708	1.0424399036811274	0.019299653600628325
0.2352666370784938	1.06718731017936	0.019993250782109843
0.23685026670358142	1.1038420226970522	0.02051511280821327
0.23843940116124157	1.038517016703446	0.01935365414044144
0.24003406920435413	1.0655059790428643	0.0199283723094363
0.24163429978639134	1.0530788388890335	0.019743902969488927
0.24324012206316978	1.0555425398622353	0.01988110895751768
0.24485156539462127	1.0521681158376688	0.019810236135009103
0.24646865934658269	1.0617753545022166	0.019971524990318987
0.24809143369260325	1.050424432219242	0.01978206562728922
0.24971991841577276	1.0439134195815842	0.019814890544717533
0.2513541437105675	1.056906011590864	0.020033983219444277
0.2529941399847169	1.0750835876503104	0.020760414337457633
0.2546399378610893	1.0542709679220923	0.020286858397881646
0.256291568179598	1.057409706918951	0.02038348306791309
0.25794906199912776	1.0247049225171379	0.019665589858010236
0.25961245059948146	1.0809672746443941	0.02115611238123463
0.24560570312520572	1.041823344383889	0.015467948235231855
0.24742307116175496	1.0495703418040818	0.015690751055151126
0.24924760941949398	1.061038251132394	0.015913890335858143
0.2510793604162493	1.0635436726551843	0.016126219009188744
0.2529183670066749	1.030144035475159	0.015524947148998559
0.2547646723855946	1.035077084597573	0.01574433186227393
0.2566183200913835	1.0521428392147736	0.01619581323930094
0.25847935400939076	1.0759253693017259	0.016728977321313204
0.26034781837540266	1.0641200972799036	0.01649066379739418
0.26222375777914775	1.0282161561874152	0.015850733583354912
0.2641072171678437	1.0737004514263684	0.01669731014476249
0.26599824184978743	1.0287778413479158	0.015862700647133427
0.267896877497988	1.067685069410339	0.016653962771031088
0.26980317015384386	1.0281135278708737	0.01603056365790551
0.27171716623086445	1.0652391446446847	0.01677353096548434
0.273638912518437	1.0700346817726052	0.016892861035759304
0.27556845618564013	1.0851779521492544	0.017218917803657426
0.2775058447851016	1.0510903308191037	0.016734583088434823
0.2794511262569061	1.043323295957741	0.01653817717362674
0.2814043489325489	1.040305069919646	0.01655622096814578
0.2833655615389387	1.0516014602621266	0.016725183184841723
0.2853348132024498	1.0740809618674414	0.017363833859598977
0.2873121534530239	1.0592178309440465	0.01704187271429191
0.28929763222832283	1.0449630644108605	0.016739161596600802
0.2912912998779324	1.0400382912469337	0.01675683208031416
0.2932932071676187	1.0602127103611212	0.017372222227609143
0.29530340528363686	1.0568112296154173	0.017319709333622552
0.29732194583709376	1.0696588563741358	0.017432305586429567
0.2993488808683654	1.0436888303196876	0.0172609731952776
0.30138426285156855	1.0717266290060081	0.017858812643133857
0.30342814469908996	1.0705513535394018	0.01774838445012458
0.3054805797661701	1.0543753932590862	0.01766006646507393
0.287012429315267	1.055759499265643	0.013501983932345711
0.28923219044836973	1.034743633358825	0.013352936345204142
0.29146219269396667	1.0512429258464944	0.013620086244798824
0.2937025070886762	1.043721022635031	0.013458924511478199
0.2959532053276252	1.0582721867271847	0.013892716134566368
0.2982143597720979	1.0274949870460672	0.013433019143633287
0.30048604345729	1.0539303539655536	0.013864249802484331
0.30276833010017257	1.0485111698172203	0.013902685834674047
0.30506129410746624	1.0753167109437698	0.014263698986522268
0.30736501058372734	1.06371939325096	0.01418230054827181
0.30967955533954783	1.0554851041060325	0.014100863583012503
0.31200500489987154	1.0324181685050395	0.013947120409249864
0.31434143651242824	1.0600863692082307	0.014331622386786192
0.31668892815628696	1.0068437687113823	0.013605420787303103
0.31904755855053174	1.0387038374306778	0.01409291699934696
0.3214174071630606	1.0637453522384135	0.014544537823084298
0.323798554219511	1.0367751813829897	0.014115964399066178
0.3261910807123124	1.0466512352169832	0.01436080608758233
0.3285950684098697	1.0530208120528146	0.014432345950589566
0.3310105998658788	1.065558285179512	0.014632173774880257
0.3334377584287758	1.039957083242289	0.014457362292382418
0.3358766282513251	1.0362976267040136	0.014488443053498291
0.33832729430034375	1.015461878787922	0.014174554106402743
0.3407898423665698	1.0269153567673692	0.014434673543137717
0.34326435907467284	1.0430771571471236	0.014677949622905863
0.34575093189341244	1.0216591640018533	0.014542402587761112
0.348249649145943	1.003802167592058	0.014245232366253356
0.35076060002027315	1.0369523252621526	0.014739402096882839
0.3532838745798758	1.0249395748971961	0.014603258844239455
0.35581956377445834	1.0219886659606239	0.014663006332140618
0.3583677594508882	1.078256794300008	0.015656152627014842
0.3609285543642844	1.004824389112944	0.014641642166876924
0.3389381970125749	1.0493094439486363	0.01312230166940009
0.3417018319542989	1.0635152806578927	0.013582545797926332
0.34448053657601213	1.0411573458847858	0.013244224621160861
0.3472744344736911	1.0280855118685972	0.013149613421802228
0.3500836505986019	1.0458945676804454	0.013565751610721254
0.35290831127592903	1.0430989908498505	0.013572182645893592
0.35574854422371094	1.0401055951224407	0.013734838289664026
0.35860447857209005	1.0459950503550897	0.01385607612725604
0.3614762448828826	1.0103799518632335	0.013283929516259858
0.36436397516947583	1.0338464806451921	0.013771216010030927
0.3672678029170562	1.0340999721956357	0.013881846517807049
0.3701878631031789	1.0252275649343516	0.013663792751825282
0.3731242922186811	1.0274154703120242	0.013748685139582007
0.37607722828895	1.0387506266717785	0.013992809442394246
0.37904681089554904	1.0473148744257985	0.014344502745880807
0.3820331811982115	1.042087620727865	0.014295288602009211
0.3850364819572079	1.0491238207721902	0.014560834071790147
0.3880568575560955	1.041946070102654	0.014390434397928028
0.3910944540248561	1.0271588787035013	0.014256443668566232
0.3941494190634314	1.0115037044525341	0.014028495570004688
0.3972219020656625	1.031301631168113	0.014483435939275565
0.4003120541436435	1.0342896808328337	0.014514324697006569
0.4034200281524953	1.0474658890871036	0.01492874748068345
0.40654597871557036	1.032192203306661	0.014766830026409189
0.4096900622500949	1.0529760188938149	0.015151734601348834
0.41285243699325974	1.022184605988004	0.014776013555407778
0.416033263028767	1.0188453945195828	0.014705170797400455
0.41923270231384385	1.0475796630698362	0.015279278507242202
0.4224509187067301	1.0280562032071516	0.015181578023776914
0.4256880779946537	1.0236427683954084	0.015184550917725236
0.42894434792229896	1.0289458873620485	0.0152931365725453
0.4322198982207826	1.016994503801185	0.015310775580405897
0.40427970956209214	1.016376640126339	0.010683693576666077
0.4077898811258455	1.0134028402779076	0.01066986992922196
0.411322907093919	1.023575906899587	0.01095546680001461
0.4148790113997054	1.0244523880960665	0.010967298828638538
0.41845842091172714	1.016342524408774	0.011106156126152105
0.4220613654818837	1.0064775855759607	0.01099138887456623
0.4256880779946537	1.0021840200769463	0.011004872174458198
0.42933879441727296	1.005591660294341	0.011114976534289486
0.43301375385091395	1.013799085657963	0.011283308096526043
0.4367131985828867	1.0190680507868375	0.011400283921443726
0.4404373741398875	1.0006151353267585	0.011329784855620067
0.4441865293423189	1.0004210434962497	0.011285725749858845
0.4479609163597058	1.0046471783196256	0.011419599351107243
0.4517607907672353	1.0122168797252291	0.011564710722499327
0.4555864116034446	1.013051108393543	0.011758174004108505
0.45943804142908673	1.0193244350795552	0.011760403160915187
0.46331594638720003	1.0157964845066563	0.01195774450832472
0.46722039626441153	1.0100264288117686	0.011893558872713332
0.47115166455350366	1.0150424487027523	0.012104490637632314
0.47511002851727435	1.0060568059423298	0.012088575166123787
0.47909576925372244	1.018050787491672	0.012293665761758698
0.48310917176259044	1.0113749111595531	0.01234671137058716
0.4871505250132969	1.003865925878741	0.012289797117327242
0.49122012201429394	1.002321091162868	0.012317702840969875
0.49531825988388245	0.999694871231609	0.01242698062170283
0.4994452399225253	0.9838571320843245	0.012290718775991322
0.5036013676866893	1.0014668291357243	0.012628806680836623
0.5077869530642605	1.0164786971452853	0.012938609437573762
0.5120023103515655	0.9877753155556148	0.012619533656556355
0.5162477583320458	0.9821350249636438	0.012729814801394755
0.5205236203566198	0.998425509476891	0.013103166279715759
0.5248302244257795	0.9784427489186872	0.012852539738288718
0.4872977546357104	1.004335772918267	0.008655492799744346
0.4918564726925381	1.009251678011373	0.008821318659584378
0.4964510150567179	1.0130754208162254	0.008924243568565507
0.5010818056775528	0.9976318267981713	0.008902961964976962
0.5057492752202625	0.9954397906265589	0.008965684400697135
0.510453861199499	0.9922199877488478	0.008961559190248148
0.5151960081160597	0.9977238572165701	0.00910095432459725
0.5199761675968879	1.0161341174165797	0.009372761487064658
0.5247947985384536	1.0015672808813483	0.00930386119555214
0.5296523672536091	0.9919947651246332	0.009277347940200666
0.5345493476220224	1.0083606285358895	0.009590337261811197
0.5394862212442829	1.009551881408222	0.009610330371235811
0.5444634775997912	1.0140343884078238	0.00981587963301695
0.5494816142085392	0.9893534726634433	0.009591959238543803
0.5545411367968933	1.0073952652787372	0.009967390702076218
0.559642559467494	0.9883461442405462	0.009712571592113363
0.5647864048733967	1.003583294184584	0.01002212121176656
0.5699732043965752	0.9934709669905696	0.010023647097711471
0.5752034983309124	1.0027237679654464	0.010212551248338659
0.580477836069818	0.9936301694308288	0.010228534876305033
0.5857967762986028	1.0030823219504934	0.010456822997696583
0.5911608871917573	1.0013758533445019	0.010535291793308947
0.5965707466152735	1.0288906499911945	0.01098243722931058
0.6020269423341702	0.9917895118919208	0.010677602500061391
0.6075300722253699	1.002113864140534	0.010853033048731763
0.6130807444960961	0.9916594947839156	0.010812257149217096
0.6186795779079517	0.9891006594588929	0.010943009571618612
0.6243272020068603	0.990936225824342	0.011137683660754003
0.6300242573590399	0.9875984798586661	0.011230270545863641
0.635771395793205	1.003832763881552	0.01153817393092207
0.6415692806491814	0.9760740097567986	0.011339439869525198
0.647418587033136	0.9911110158720057	0.011788217054224
0.5986769252439875	0.987367893812315	0.009257253195569998
0.6048186554780532	0.9432663560752851	0.008921566889200023
0.6110197882059921	0.9609967431091119	0.009220111667708565
0.6172811894224561	0.9666475940412218	0.009379391440393138
0.6236037420374119	0.9810885497880959	0.009716767207637228
0.6299883462911715	0.9717084883607283	0.009787912506766477
0.636435920181703	0.9567775424731455	0.00966206585780106
0.6429473999046492	0.9675817484180973	0.009960388814319201
0.6495237403064936	0.9769248055719035	0.010150547664534323
0.6561659153513356	0.9826452451773375	0.010358076847806137
0.662874918601757	0.9648667498677214	0.010422864752950761
0.6696517637142737	0.9998202861853958	0.01088215053566518
0.6764974849498954	0.9859293945387881	0.010954454611791141
0.683413137700331	0.9838135801344038	0.011071199059276086
0.6903997990304044	0.9533866687044306	0.010860184148807081
0.6974585682372619	1.0055974271891917	0.01168281345353985
0.7045905674269878	1.0038716700288266	0.01187456860716668
0.7117969421092561	0.9926931897649605	0.012001532920159274
0.7190788618106851	0.9872609228799468	0.012054909495291583
0.7264375207075839	0.9848521166595129	0.012180367353720599
0.7338741382788059	1.0201017684317841	0.012746984694908885
0.741389959979468	0.9886718200630785	0.012784311674841857
0.7489862579363038	1.0275890247033832	0.013443051655454005
0.756664331665481	1.0251620944745963	0.013675234461051096
0.764425508813721	0.9855858104966735	0.01355596004131689
0.7722711459236181	1.0134946845234527	0.014114620310768261
0.7802026292240775	0.9967509146084328	0.014155744472026131
0.7882213754468463	1.0317261503848374	0.015083291756923108
0.7963288326701393	1.0513427295364455	0.01569893384868584
0.8045264811904247	1.057948155843802	0.016395853675534595
0.8128158344234636	1.0682999598095757	0.016834392713664305
0.8211984398357598	1.0613417057697079	0.017310181516774673
0.7178385538562371	0.9895610244307333	0.00929489108515017
0.7258981018811559	0.9985518284377376	0.009590392155201098
0.7340512973146622	0.9936732720640364	0.00968792726618908
0.7422997818899769	0.99921387270623	0.009928070043764845
0.7506452359408675	0.9795013990868798	0.009911816583405236
0.7590893795428301	0.9847763922958229	0.010164891535512192
0.7676339736949974	0.9919990065681974	0.010493946056314481
0.776280821544477	1.0192697881043826	0.011012961263081824
0.7850317696549114	1.0092525826235392	0.011077351699074799
0.7938887093211311	1.0210877430911567	0.011480749327876778
0.8028535779318692	1.03586652313405	0.011888542801427742
0.8119283603825969	1.0542443151541074	0.012428167124886
0.8211150905406476	1.0402913501201532	0.012593271204066218
0.8304158527648986	1.0392305224875316	0.012772434639136158
0.8398327834823965	1.0712047114775942	0.013587333966968913
0.8493680728244305	1.0846952014740432	0.014186572760499392
0.8590239663246859	1.1076832115722017	0.015045077554302469
0.8688027666822451	1.1444952002707947	0.0157941657346938
0.8787068355923388	1.1717102893710551	0.016622715156938757
0.8887385956479095	1.2491331668685792	0.01836628791390234
0.8989005323152024	1.2764051719533194	0.019287795528663176
0.9091951959867659	1.3499112878826798	0.02145107488084211
0.9196252041154244	1.3361168479660552	0.02170876891131748
0.9301932434329746	1.4020910034667857	0.023998463068469335
0.9409020722575568	1.4527845110297077	0.025764111227433818
0.9517545228938621	1.4474804971073683	0.0265924042095821
0.9627535041305598	1.493443471631816	0.029219363219868143
0.9739020038395787	1.3817411611899446	0.02775314743804808
0.985203091682112	1.2480424034888336	0.026142493049132878
0.9966599219265022	1.2878000752041217	0.02877819755705785
1.0082757363834325	1.1778306728394747	0.02780077164804655
1.0200538674641655	1.1726547240027916	0.0288705004674528
0.9266088122889723	1.381622066925932	0.018880635749492895
0.9385890602566367	1.4159754896611934	0.02027629839920051
0.9507496061072945	1.399963069578994	0.02085490738425905
0.9630945508151936	1.4096791404321798	0.022455528950106097
0.9756281206766336	1.3900105707873727	0.02370837510356473
0.9883546721339812	1.3273006238354617	0.023997910966191253
1.0012786968242386	1.167196987550501	0.021905097734045545
1.014404826864469	1.185266390853309	0.023832423066039433
1.0277378403871236	1.2335224840070937	0.026365467395976495
1.0412826673391913	1.3438796673860052	0.03051247494823859
1.0550443955599322	1.5067776506125405	0.037095418106003815
1.0690282771529538	1.7477988490009795	0.04648442511564932
1.0832397351693848	2.0211800324851152	0.05802951383946553
1.0976843706200201	2.2949775026444126	0.07057331208097636
1.1123679698354731	2.3467431259920244	0.07778208249004044
1.1272965121946696	2.749698250611943	0.09821453656125818
1.1424761782433541	2.831754065319314	0.10781223919631126
1.1579133582257783	2.7625611189014982	0.1141823649453378
1.1736146610543043	3.176675001170979	0.14699820628809415
1.1895869237433838	3.2077935891857567	0.1613753191184545
1.2058372213361885	2.925231572574729	0.1636047955602741
1.2223728773541975	3.0730331313591885	0.18807027801244763
1.2392014748021316	2.639558088520634	0.1748962872140886
1.2563308677630145	3.381025790965896	0.25634230090424887
1.2737691936205822	2.8923805028168426	0.23853928961016094
1.2915248859490172	3.01687621611934	0.2899344429352191
1.3096066881128983	2.9054315749739494	0.2981164291152786
1.3280236676234496	3.109759849388249	0.37677352150276144
1.3467852313006037	2.339600462891116	0.30143321964588116
1.3659011412941677	2.8665980017808423	0.42839018657218236
1.3853815320213956	2.510438519974491	0.42364369318919026
1.4052369280827326	2.7667994923300516	0.5381183699066793
