0.18205443805914684	1.0963526703131707	0.018969955425908534
0.1833081725129778	1.104368102443948	0.01905744008773256
0.18456556978122354	1.0902939379099301	0.019259147934857737
0.18582664593886225	1.0851336507044123	0.01907864293013781
0.18709141715507419	1.0675018533281702	0.0190331671132961
0.1883598996939326	1.0673646570711508	0.019166510237082553
0.18963210991510127	1.0783599649325726	0.01953704918567249
0.19090806427453735	1.1145856322874852	0.020134855831383504
0.19218777932520123	1.0565091566259934	0.0191326652132167
0.1934712717177721	1.0731217777797883	0.019637303647183715
0.1947585582013704	1.0155053870107251	0.01874474400100784
0.196049655624286	1.0698612714936182	0.019558277829345612
0.1973445809347138	1.1092898326334713	0.020081778080714423
0.19864335118149476	1.1169638124059893	0.020284051166914056
0.19994598351486448	1.0486786474162646	0.01927028107999851
0.20125249518720786	1.0852579020757651	0.02007283282673004
0.2025629035538211	1.0644467443576267	0.01979473363253956
0.2038772260736799	1.0574779687323954	0.019547523370369198
0.20519548031021473	1.1114698960776448	0.020657301311258085
0.20651768393209363	1.0542566588776392	0.019790423579182967
0.20784385471401115	1.094366903348335	0.020557022448854288
0.20917401053748502	1.1057262448234932	0.020919317221822838
0.21050816939165995	1.1088179386049974	0.020709380164156424
0.21184634937411853	1.077838957216131	0.020278519169565693
0.21318856869169936	1.0615984160828182	0.020161180106198922
0.21453484566132303	1.103356896589239	0.020829968069395306
0.2158851987108252	1.077811599657001	0.020738572156397357
0.2172396463797975	1.1072117965758794	0.021140418362976556
0.21859820732043583	1.080301391898604	0.02063613813877833
0.2199609002983968	1.1108821212302924	0.021380226665527042
0.22132774419366177	1.0710162190718233	0.02099697837028889
0.22269875800140837	1.054389946794731	0.0206837555659188
0.2106545092459443	1.06345812376236	0.015327681645354531
0.21215381477672526	1.0488697368485542	0.015130671733900267
0.2136581910126337	1.062842374217076	0.015400180841341276
0.21516766372120327	1.0756849070122387	0.015912852127628687
0.2166822588448523	1.0452098715652702	0.015409103604488723
0.21820200250237035	1.065993182148735	0.015873713324017207
0.2197269209904196	1.0580757120186284	0.01571754716084721
0.22125704078505123	1.0733068699443775	0.016029657943980008
0.2227923885432382	1.0786640401373193	0.01616941798389176
0.224332991104423	1.0760047141466338	0.016269315497050525
0.22587887549208158	1.0591511631368127	0.015964900526791004
0.22743006891530368	1.1241234529646273	0.01688840802309273
0.22898659877038893	1.045205607065976	0.01573042919328076
0.23054849264245975	1.0608591578697646	0.016139903606719824
0.23211577830709118	1.0812128328028543	0.01642146657147548
0.23368848373195708	1.0542730634579711	0.016115129544031253
0.2352666370784938	1.0262123620703718	0.015555463476501398
0.23685026670358142	1.110069284198543	0.016986304780557723
0.23843940116124157	1.0646173985285883	0.01648630802527703
0.24003406920435413	1.0399600621751288	0.015868881285888235
0.24163429978639134	1.0907490819682257	0.01699425618146993
0.24324012206316978	1.0537755135732938	0.016317554170347165
0.24485156539462127	1.0843321298976083	0.0169559864349354
0.24646865934658269	1.0645149332857435	0.016506597685180754
0.24809143369260325	1.0744478338452175	0.016734683572089792
0.24971991841577276	1.0736974990028287	0.016996569474676464
0.2513541437105675	1.0985289422370184	0.017332451718783757
0.2529941399847169	1.0888339096928235	0.017485197704952462
0.2546399378610893	1.0805120107149577	0.017313897600802767
0.256291568179598	1.0542223480189465	0.016722538361682537
0.25794906199912776	1.084338040197448	0.017412027295689192
0.25961245059948146	1.0647529204547848	0.017097184349921357
0.24560570312520572	1.0384259466196597	0.013651986405729075
0.24742307116175496	1.0470273627124531	0.013846284090413696
0.24924760941949398	1.0652990124443225	0.014168301888145064
0.2510793604162493	1.056529960438852	0.014203388156598985
0.2529183670066749	1.0675722479668164	0.014453904940429472
0.2547646723855946	1.0393674547604137	0.014037928677816109
0.2566183200913835	1.039798085034638	0.014133775936724177
0.25847935400939076	1.0515188569296232	0.014404528150288039
0.26034781837540266	1.0678022183013725	0.014684968244982492
0.26222375777914775	1.0687731257375772	0.01481204889081107
0.2641072171678437	1.0629277580297476	0.014636739528624088
0.26599824184978743	1.0536670829672181	0.014555889449774435
0.267896877497988	1.066425552444421	0.014766648711835749
0.26980317015384386	1.043527002941017	0.01453520923422697
0.27171716623086445	1.0356179929837035	0.014331567075578883
0.273638912518437	1.0846137161813838	0.015320408290081399
0.27556845618564013	1.082661473127774	0.015224118366745245
0.2775058447851016	1.0379821992528762	0.014638627961088809
0.2794511262569061	1.0538162337590393	0.01484389561884675
0.2814043489325489	1.050713937255424	0.014865851468042967
0.2833655615389387	1.0716407456922308	0.015196034011770212
0.2853348132024498	1.0600718283495398	0.015202097972239478
0.2873121534530239	1.0667354371779065	0.01531519712574021
0.28929763222832283	1.080298683007395	0.015560187317352333
0.2912912998779324	1.0871908559780126	0.01583973870514276
0.2932932071676187	1.0725578103206304	0.015702957824286316
0.29530340528363686	1.0307270625688478	0.014838479599000783
0.29732194583709376	1.0658041742207063	0.015431366228502613
0.2993488808683654	1.052373569393272	0.0155321726371506
0.30138426285156855	1.0518109340893609	0.015462968825221756
0.30342814469908996	1.0741942730434173	0.015861147424687878
0.3054805797661701	1.05186841709639	0.015652793657672005
0.287012429315267	1.04884100041307	0.014344032676658052
0.28923219044836973	1.0292999399042058	0.014276553455625535
0.29146219269396667	1.0751372766901257	0.015094087735948983
0.2937025070886762	1.0475115752746365	0.014581902806419154
0.2959532053276252	1.0480882825394415	0.014763385965037335
0.2982143597720979	1.0685555045346766	0.015205422524702644
0.30048604345729	1.0538386181093413	0.014957742780858482
0.30276833010017257	1.052002283251378	0.015026878196573666
0.30506129410746624	1.0913887155906359	0.01572958071215417
0.30736501058372734	1.0543849740077773	0.015103857562654482
0.30967955533954783	1.077595827116794	0.015662792062343476
0.31200500489987154	1.0205168536018134	0.014785939171805118
0.31434143651242824	1.0347141780786484	0.014963610307712304
0.31668892815628696	1.0246850493296316	0.015062850888433985
0.31904755855053174	1.0342033607373566	0.01510954888336529
0.3214174071630606	1.0491289094633744	0.01542605018621942
0.323798554219511	1.0411626056900027	0.015328573943131465
0.3261910807123124	1.066249242249329	0.015967768004020513
0.3285950684098697	1.0407319570217746	0.015371676769507866
0.3310105998658788	1.0663412970247659	0.01593525127779865
0.3334377584287758	1.0537536888327022	0.015944817414918468
0.3358766282513251	1.0362105808068256	0.01564908184697045
0.33832729430034375	1.0287861683179242	0.01565438448652219
0.3407898423665698	1.0190263460329652	0.015546482816836946
0.34326435907467284	1.0403545682923891	0.01586417231442855
0.34575093189341244	1.022028622082271	0.01577426158254151
0.348249649145943	1.0036358098879226	0.015482404606905972
0.35076060002027315	1.0350928515440279	0.0159456687386465
0.3532838745798758	1.030351567798721	0.015977029868566552
0.35581956377445834	1.0286384540834022	0.01608798511234854
0.3583677594508882	1.066732917257089	0.016773881424223393
0.3609285543642844	1.0158594573401067	0.016151319356335174
0.3389381970125749	1.062815100396886	0.011503838501077336
0.3417018319542989	1.045415481391001	0.011448944643460484
0.34448053657601213	1.0372560807574507	0.011378322209633447
0.3472744344736911	1.0592874487341735	0.011844804434837047
0.3500836505986019	1.0469942435933	0.011712844092767008
0.35290831127592903	1.0530424995220753	0.011855877353994126
0.35574854422371094	1.0230589555905722	0.011574669488888606
0.35860447857209005	1.0223296088818479	0.011575670251013435
0.3614762448828826	1.0095698047902557	0.011519415281800838
0.36436397516947583	1.035715538489759	0.011915517541136894
0.3672678029170562	1.0204824971817377	0.011763685633132622
0.3701878631031789	1.0338189875870947	0.011939028578172257
0.3731242922186811	1.051110395788335	0.012281780549138116
0.37607722828895	1.0576234651082148	0.012344371018177942
0.37904681089554904	1.0237804879876393	0.012000069454693616
0.3820331811982115	1.0342761614124603	0.01223240625562845
0.3850364819572079	1.025231115926578	0.012198439357058229
0.3880568575560955	1.034173829398879	0.01233617890239483
0.3910944540248561	1.0197900821440744	0.012270495911769258
0.3941494190634314	1.0319348971023339	0.012515190643059674
0.3972219020656625	1.0295577219343444	0.012503841718154236
0.4003120541436435	1.0526014882862555	0.012877543728542362
0.4034200281524953	1.0487144772798234	0.012904116395109353
0.40654597871557036	1.0379571652736903	0.012905607613002268
0.4096900622500949	1.052878177809193	0.013076226823163948
0.41285243699325974	1.0038896933454404	0.01249692822656326
0.416033263028767	1.0366289529946315	0.013045426508294955
0.41923270231384385	1.0282164299869188	0.012900787176519667
0.4224509187067301	1.013944970056665	0.012864700704323648
0.4256880779946537	1.0166789394670608	0.0130345612829779
0.42894434792229896	1.0093468528691814	0.01289823310799913
0.4322198982207826	1.0153276947578653	0.013241481139541256
0.40427970956209214	1.0047061955322434	0.01168629393225764
0.4077898811258455	0.997797305608072	0.011654127476314096
0.411322907093919	1.0210953771846951	0.012169334080152442
0.4148790113997054	1.022273444778764	0.012237045343350577
0.41845842091172714	1.0023069649571403	0.012169098190607323
0.4220613654818837	1.0033323305102215	0.012283745104383138
0.4256880779946537	1.01595482391703	0.012576225313493398
0.42933879441727296	1.0133928164602721	0.012628297667197162
0.43301375385091395	0.9923401776998804	0.012260044681088674
0.4367131985828867	0.999221940582917	0.012454114869740662
0.4404373741398875	0.9883447362011395	0.012484844307624185
0.4441865293423189	0.9970692144449825	0.01267666402589509
0.4479609163597058	1.0146611725826007	0.013055666844224842
0.4517607907672353	1.017538648262333	0.01316359696041665
0.4555864116034446	0.997792685037213	0.012966800168936362
0.45943804142908673	1.01349727328556	0.01324312001477312
0.46331594638720003	1.0027954418182217	0.013322666753516819
0.46722039626441153	1.0154863303556778	0.013609450353812983
0.47115166455350366	0.9889336583933379	0.013233837756780843
0.47511002851727435	0.9860841131003806	0.013308061319324188
0.47909576925372244	1.0030578447928724	0.01367802939132401
0.48310917176259044	0.9865519940021564	0.013573078087259105
0.4871505250132969	1.0185125662518677	0.014308654372643222
0.49122012201429394	0.9855986558393316	0.013744754192610035
0.49531825988388245	1.0040439733982804	0.014344445031066595
0.4994452399225253	0.9834507467805211	0.013970596129075667
0.5036013676866893	0.9703423045223737	0.013848913366027456
0.5077869530642605	0.9793225515525679	0.014053232541664962
0.5120023103515655	0.961657385479348	0.013904819823676723
0.5162477583320458	0.971741118414674	0.014398127970120782
0.5205236203566198	0.9587141246669286	0.014218490608383866
0.5248302244257795	0.963985480318249	0.014451726293056326
0.4872977546357104	0.9980388086289225	0.008643853907792926
0.4918564726925381	0.9899201292723158	0.008631313984245395
0.4964510150567179	0.9767257433655759	0.008496931298104186
0.5010818056775528	0.9747521260051537	0.008667560557844015
0.5057492752202625	0.9801004563454043	0.008836632707896289
0.510453861199499	0.9684082810084268	0.008723268677233689
0.5151960081160597	0.9739620512237899	0.00886247623620572
0.5199761675968879	0.9787998464022859	0.008937194532752215
0.5247947985384536	0.9749760181003203	0.009027048813492002
0.5296523672536091	0.9748292738032849	0.009175040992194875
0.5345493476220224	0.9768551782511073	0.009288657127050678
0.5394862212442829	0.9648178914003326	0.009098002739287176
0.5444634775997912	0.9744283545580595	0.009363246086641125
0.5494816142085392	0.9746102641206893	0.00953609133918264
0.5545411367968933	0.9675662958889317	0.009538210745897826
0.559642559467494	0.9610012206061964	0.009524883255992277
0.5647864048733967	0.9674862473612696	0.009619831730400749
0.5699732043965752	0.9704632363620779	0.009834094402088097
0.5752034983309124	0.9725187951099443	0.00993809409540053
0.580477836069818	0.9606524044966726	0.0099142323416363
0.5857967762986028	0.9570327273109196	0.009878605047925012
0.5911608871917573	0.9544130019574316	0.009990825163877367
0.5965707466152735	0.9821437784505902	0.010432674794958338
0.6020269423341702	0.9565451778924589	0.010296619722567396
0.6075300722253699	0.9403761116105983	0.010067845550481045
0.6130807444960961	0.9524987548158926	0.010350154627583402
0.6186795779079517	0.9529191865885767	0.01051906387382875
0.6243272020068603	0.9510888483454036	0.010665697011470613
0.6300242573590399	0.9470297537735749	0.010764452426743974
0.635771395793205	0.955094985311405	0.010940328356314116
0.6415692806491814	0.9370101547083484	0.01089796878520706
0.647418587033136	0.9235064561109518	0.010818775471412405
0.5986769252439875	0.9387686010159606	0.008858915761410409
0.6048186554780532	0.9232521234714683	0.008910669916937914
0.6110197882059921	0.9420604237838609	0.00924142331574135
0.6172811894224561	0.922888645809682	0.009043207405125856
0.6236037420374119	0.92994552467253	0.00927467630027972
0.6299883462911715	0.921406497792498	0.009349761479897432
0.636435920181703	0.9411769350596623	0.009716992338040905
0.6429473999046492	0.9315030855564436	0.009735872243945705
0.6495237403064936	0.9456823316757351	0.009999027364931712
0.6561659153513356	0.9469076291450896	0.010125824860373575
0.662874918601757	0.9198605120067905	0.01005530753030185
0.6696517637142737	0.9489324353053116	0.010455271606962715
0.6764974849498954	0.9488879746608767	0.010686875953043748
0.683413137700331	0.9322816781966352	0.01058224174282682
0.6903997990304044	0.9284664945351473	0.010775459444274648
0.6974585682372619	0.9467403024074864	0.011054062013052124
0.7045905674269878	0.9349196696844696	0.011047496306500761
0.7117969421092561	0.9370525009798607	0.011382616255971693
0.7190788618106851	0.9387657513855623	0.011558482245825329
0.7264375207075839	0.951814248079391	0.011909295717169846
0.7338741382788059	0.9739192977942622	0.012259051064074166
0.741389959979468	0.9475368581411535	0.012308531430909049
0.7489862579363038	0.9894568533884235	0.013029222246766501
0.756664331665481	0.9634481206138269	0.012817562467074843
0.764425508813721	0.9483105508045536	0.0130997297905995
0.7722711459236181	0.9852956981475626	0.013831556746006696
0.7802026292240775	0.9948311637853333	0.014238527174308442
0.7882213754468463	1.00828555419519	0.014692314075061292
0.7963288326701393	1.0338856808059445	0.01544165824197662
0.8045264811904247	1.0509554151343756	0.016290082669353566
0.8128158344234636	1.0495651722873274	0.016501723150602506
0.8211984398357598	1.0398199401728865	0.016848315450310094
0.7178385538562371	0.9463869934721136	0.009398060097978674
0.7258981018811559	0.9509265940237336	0.009637216748681843
0.7340512973146622	0.9502561441723925	0.009757820689548492
0.7422997818899769	0.940103237833722	0.009750340417859433
0.7506452359408675	0.9411227066394038	0.010021753574680095
0.7590893795428301	0.9514307852612172	0.010361549911801486
0.7676339736949974	0.9448476975867368	0.010441683044742503
0.776280821544477	0.984389949981715	0.01115489554477951
0.7850317696549114	0.9861865886344733	0.011377384333288314
0.7938887093211311	0.9961178001900393	0.011663377652738904
0.8028535779318692	1.0175888295738433	0.012201097119048022
0.8119283603825969	1.0228591062240961	0.012467890900979658
0.8211150905406476	1.0320531301674423	0.013045692601732866
0.8304158527648986	1.0334973821890878	0.013288521823298982
0.8398327834823965	1.041391644459752	0.013619126797355923
0.8493680728244305	1.0508605613250015	0.01410754073936496
0.8590239663246859	1.0800522780959392	0.015062696688838757
0.8688027666822451	1.1244080515277834	0.01600209569080981
0.8787068355923388	1.1446720438474807	0.01657640531588276
0.8887385956479095	1.2289631611283782	0.01861954668300068
0.8989005323152024	1.2264844322022672	0.018731445436793562
0.9091951959867659	1.3122752500397414	0.02115677258531961
0.9196252041154244	1.3575536245470985	0.02280472520860977
0.9301932434329746	1.361718094176217	0.02350625033065505
0.9409020722575568	1.4507763070489141	0.026331713037559996
0.9517545228938621	1.4411546638829262	0.026983459705668216
0.9627535041305598	1.379258939178462	0.026484048188509916
0.9739020038395787	1.3368717490375774	0.026910241113187777
0.985203091682112	1.3354200075019387	0.029072505941643918
0.9966599219265022	1.2738894879837732	0.02869768981468063
1.0082757363834325	1.0797872804183895	0.02513420377789132
1.0200538674641655	1.186862609276878	0.030029363448946876
0.9266088122889723	1.3312780395190718	0.018174459982135772
0.9385890602566367	1.3961288086520787	0.020135970724004037
0.9507496061072945	1.4275621639734322	0.021699471179244322
0.9630945508151936	1.3749650427871525	0.02190506966401744
0.9756281206766336	1.4119789449260176	0.024477691005681042
0.9883546721339812	1.2948805713612577	0.023145402799366235
1.0012786968242386	1.1760187468172598	0.02236032551158422
1.014404826864469	1.1702989451701389	0.023640829935828493
1.0277378403871236	1.2025233599823733	0.025633030369875437
1.0412826673391913	1.350114511100809	0.030758696636397295
1.0550443955599322	1.474516492252917	0.03582368996393533
1.0690282771529538	1.7567007647428357	0.04675810708180729
1.0832397351693848	1.9630082671664326	0.05531391604619285
1.0976843706200201	2.0989845435574392	0.061821059632382616
1.1123679698354731	2.3064724534160077	0.07464542406621909
1.1272965121946696	2.7082083847114684	0.09307584407670134
1.1424761782433541	3.0491339738992025	0.11542910870424826
1.1579133582257783	3.1415693508555296	0.13161592974154276
1.1736146610543043	3.2172720656916343	0.14187765793773982
1.1895869237433838	3.3518025283202038	0.16135949330547258
1.2058372213361885	3.2326609290700605	0.17591859756874836
1.2223728773541975	3.294284442200316	0.19124823316855935
1.2392014748021316	3.484161384179462	0.23443370271505684
1.2563308677630145	3.983348257604435	0.29264220188491713
1.2737691936205822	3.5713856942653153	0.28146970204678834
1.2915248859490172	2.876131289827157	0.2437266403340048
1.3096066881128983	3.7289983546119903	0.37438367324039074
1.3280236676234496	3.4101747925547885	0.3813412544635055
1.3467852313006037	3.3036278807253168	0.4259353898058733
1.3659011412941677	3.7666987276071473	0.5441001450646079
1.3853815320213956	3.3424606711389844	0.5432627585372772
1.4052369280827326	3.117848246220607	0.5351703743797364
