0.18205443805914684	1.089646492216034	0.019151139093761992
0.1833081725129778	1.0924035813941855	0.019082000451285407
0.18456556978122354	1.039889794687513	0.018455437938729974
0.18582664593886225	1.1020585146099877	0.019734915846404112
0.18709141715507419	1.0671886525203687	0.019311497537241942
0.1883598996939326	1.0587453455244036	0.019238459710359913
0.18963210991510127	1.0712638979983289	0.0196522524604776
0.19090806427453735	1.0584666188214173	0.019131052266711687
0.19218777932520123	1.0441430896966597	0.019107999502430976
0.1934712717177721	1.0584937462490451	0.019574478628200123
0.1947585582013704	1.0108084949930911	0.01890271768531437
0.196049655624286	1.0565397088485513	0.019473255051565847
0.1973445809347138	1.0926821773791826	0.01992917235097636
0.19864335118149476	1.1036098749027266	0.020187499444945745
0.19994598351486448	1.0744927977163294	0.020053795676409737
0.20125249518720786	1.081935750159691	0.020212290497413937
0.2025629035538211	1.0493902746280879	0.019636528896202703
0.2038772260736799	1.0602869070229166	0.019806485356294597
0.20519548031021473	1.101567699233616	0.02061743112478821
0.20651768393209363	1.052015590444914	0.019870046217607153
0.20784385471401115	1.060793346748339	0.019989048593407572
0.20917401053748502	1.0642077449435134	0.0201396952432593
0.21050816939165995	1.0826543558259232	0.02025105497422605
0.21184634937411853	1.0768601094402888	0.0204016468214899
0.21318856869169936	1.073386851744638	0.02054299474426101
0.21453484566132303	1.0804409383177167	0.020421831560939907
0.2158851987108252	1.0581044104458746	0.020433378255694436
0.2172396463797975	1.0746596222516642	0.020498736866380252
0.21859820732043583	1.0577936096257503	0.020229448602183252
0.2199609002983968	1.088641808114628	0.020977739722486562
0.22132774419366177	1.0556557857349058	0.020721146919191243
0.22269875800140837	1.0310618090671653	0.020221264550875202
0.2106545092459443	1.0521958280468724	0.0129845160045964
0.21215381477672526	1.0476606528506538	0.01295955138664289
0.2136581910126337	1.076161657779583	0.01343457924826096
0.21516766372120327	1.0620122885102332	0.013411183351073434
0.2166822588448523	1.0425451159325776	0.013171183355132563
0.21820200250237035	1.0418148829026175	0.013199179139290619
0.2197269209904196	1.035168684505371	0.013090455182758661
0.22125704078505123	1.0258213732197496	0.012881119035077642
0.2227923885432382	1.0652049526991616	0.013601387965047299
0.224332991104423	1.0374345912452048	0.013213876349607306
0.22587887549208158	1.0611405526849365	0.013723363196425361
0.22743006891530368	1.0877046851696024	0.013767248535252628
0.22898659877038893	1.0394940566547528	0.01338029105348875
0.23054849264245975	1.0601498697494884	0.01379007368211427
0.23211577830709118	1.0510893964693455	0.013467062001471046
0.23368848373195708	1.0515531771196525	0.01368725314046444
0.2352666370784938	1.0441437942626124	0.013626982991994665
0.23685026670358142	1.0965772102414955	0.014190937628422027
0.23843940116124157	1.0253528359783168	0.013347822439957838
0.24003406920435413	1.0482872794488132	0.01363973353387065
0.24163429978639134	1.066408699846021	0.014001819774882638
0.24324012206316978	1.0572316817799978	0.013945480760522433
0.24485156539462127	1.0513774076095745	0.013787197388060975
0.24646865934658269	1.0426515350915588	0.01363895126075515
0.24809143369260325	1.079172041280507	0.014241264711468606
0.24971991841577276	1.0596539938710512	0.01414420731985616
0.2513541437105675	1.0789123265377925	0.014292577905206537
0.2529941399847169	1.0290447200621713	0.013693764312754654
0.2546399378610893	1.0524663394666443	0.014136263582754988
0.256291568179598	1.0366524856065673	0.013811561499335667
0.25794906199912776	1.0769179703216274	0.014563787499950777
0.25961245059948146	1.0498664332494756	0.014141655405830534
0.24560570312520572	1.0321501351088318	0.011761982962434116
0.24742307116175496	1.0444630861247532	0.011991057670885236
0.24924760941949398	1.0598246407595056	0.012224856597435559
0.2510793604162493	1.0338864450232508	0.011946320735544474
0.2529183670066749	1.0453204233801108	0.012176707677215903
0.2547646723855946	1.0385654897775523	0.012141047908312327
0.2566183200913835	1.0319321134015675	0.012122137663830412
0.25847935400939076	1.0520236493180928	0.012434032215054227
0.26034781837540266	1.0475173083314109	0.012369057443090007
0.26222375777914775	1.035409605125207	0.012254929762580191
0.2641072171678437	1.0389254755473358	0.012245953436303459
0.26599824184978743	1.0488401481973522	0.01246958905719492
0.267896877497988	1.0500643558449936	0.012440517379638189
0.26980317015384386	1.0260502479704614	0.012272327075923867
0.27171716623086445	1.0353716602940135	0.012352877444857253
0.273638912518437	1.0532173846693558	0.01261305211736046
0.27556845618564013	1.063684424254721	0.012773754681012278
0.2775058447851016	1.030158801177188	0.012485990588591038
0.2794511262569061	1.0421556670988246	0.012559574012622227
0.2814043489325489	1.0602171446674677	0.012896510052105197
0.2833655615389387	1.0662364197444107	0.012914740981732621
0.2853348132024498	1.0475113470334814	0.012809208897553232
0.2873121534530239	1.0511174937798966	0.012861537178714265
0.28929763222832283	1.0680288701489271	0.01311600292092765
0.2912912998779324	1.0418704689376572	0.012774983253581451
0.2932932071676187	1.030266703612037	0.012736747379113539
0.29530340528363686	1.037511391430603	0.012817431484683454
0.29732194583709376	1.0410157121314945	0.012754606634993382
0.2993488808683654	1.0352878146697218	0.012959549554627227
0.30138426285156855	1.031871701471305	0.012854475406520151
0.30342814469908996	1.0649291173234468	0.01332223843735915
0.3054805797661701	1.0381842002327788	0.013126347855211804
0.287012429315267	1.0427853200228614	0.012120318829286773
0.28923219044836973	1.0101014275844056	0.011839429083134708
0.29146219269396667	1.0416320918354693	0.012252915697381673
0.2937025070886762	1.0444742635084816	0.012308668299751233
0.2959532053276252	1.0398163183848557	0.012367408744042331
0.2982143597720979	1.0399689941719403	0.012440476632703118
0.30048604345729	1.0338012239294772	0.012342016984956709
0.30276833010017257	1.0222917494840593	0.012275911044576827
0.30506129410746624	1.0429008973545026	0.01246915601590935
0.30736501058372734	1.0444058162065275	0.012592499632132971
0.30967955533954783	1.0527903769768965	0.012782934477074626
0.31200500489987154	1.0173051312597625	0.012456956140763984
0.31434143651242824	1.0286456847764915	0.012541586959879511
0.31668892815628696	1.0038358883242082	0.012335137248393522
0.31904755855053174	1.0407019744696095	0.01282611990389846
0.3214174071630606	1.0403671260082479	0.012837062959767383
0.323798554219511	1.0606359176043794	0.013210766452190449
0.3261910807123124	1.030099120201721	0.012780698648811279
0.3285950684098697	1.0465401368513843	0.012970533330338214
0.3310105998658788	1.0425105701169417	0.01292373823016346
0.3334377584287758	1.0216722440414978	0.01283820171548
0.3358766282513251	1.041485086936695	0.013192189576066151
0.33832729430034375	1.0094431966410375	0.01279624936422055
0.3407898423665698	1.0003681986567514	0.012690580836715879
0.34326435907467284	1.0382150722373988	0.013181486331199529
0.34575093189341244	1.0122919220135105	0.013001991570534669
0.348249649145943	1.0090483750252397	0.013049281383603518
0.35076060002027315	1.0507783053510669	0.013527761106418708
0.3532838745798758	1.0284563050880096	0.013297593647281615
0.35581956377445834	1.0286296754086506	0.013362223252874499
0.3583677594508882	1.0594191409854996	0.013780282511989147
0.3609285543642844	1.0217050514819717	0.013546573290762651
0.3389381970125749	1.0362372871929033	0.009245677465591141
0.3417018319542989	1.0240484318073604	0.009234762953697438
0.34448053657601213	1.033966900625977	0.009406134443667913
0.3472744344736911	1.0350385654025633	0.009510356164237907
0.3500836505986019	1.0301988767432728	0.009459525119309312
0.35290831127592903	1.0326364337018077	0.009525625841163551
0.35574854422371094	1.0140798683079015	0.009492033649846916
0.35860447857209005	1.0107686824119002	0.00943457733079457
0.3614762448828826	1.0197008651791004	0.009637522670960857
0.36436397516947583	1.0162857387772584	0.009556279564539421
0.3672678029170562	1.0275294826592463	0.009785085505568402
0.3701878631031789	1.0231451077578473	0.009691244932735267
0.3731242922186811	1.0284830863459933	0.009750212467933755
0.37607722828895	1.0269957928703708	0.009714301022581917
0.37904681089554904	1.013898588228099	0.009712817321967545
0.3820331811982115	1.0254905903123304	0.009871502416639968
0.3850364819572079	1.0115713105115753	0.009804272522551359
0.3880568575560955	1.0214533932009384	0.00991072591652764
0.3910944540248561	0.9960019044604841	0.0096672938315477
0.3941494190634314	0.9939304211870899	0.009688594431058382
0.3972219020656625	1.0081773793022013	0.009863722597802407
0.4003120541436435	1.0228523071996005	0.010017669556235499
0.4034200281524953	1.025700712439265	0.010116002863138532
0.40654597871557036	1.0047123140307028	0.009988274351975428
0.4096900622500949	1.022039427442161	0.010126539470872147
0.41285243699325974	1.0119124900228216	0.010214263148387023
0.416033263028767	1.0165051953990094	0.01020976629141783
0.41923270231384385	1.01875753600294	0.01023542464361813
0.4224509187067301	0.9927919330739065	0.010060618290313012
0.4256880779946537	1.0097812401546091	0.01033477572893986
0.42894434792229896	1.0164871701459794	0.010396046545941163
0.4322198982207826	1.004920868281318	0.010412500121417166
0.40427970956209214	1.0039418264197253	0.008563122214310364
0.4077898811258455	1.0060231944686069	0.008589964211100252
0.411322907093919	1.0095393903049492	0.008706316928181948
0.4148790113997054	1.000340163396769	0.008561012523189618
0.41845842091172714	1.0029302883891853	0.008844843159276231
0.4220613654818837	0.9892761369561839	0.008683917434858338
0.4256880779946537	0.9946779279153418	0.008777552167399527
0.42933879441727296	1.0018110696547524	0.008910620141501192
0.43301375385091395	1.0032711715509761	0.00892536485342664
0.4367131985828867	1.008184260520714	0.009007385052514381
0.4404373741398875	0.9948529960649006	0.009006038700248895
0.4441865293423189	0.9906057274215225	0.008951589916609168
0.4479609163597058	1.01490465273271	0.009266483962989786
0.4517607907672353	0.9956606830240493	0.009024106771713074
0.4555864116034446	0.9926927692940475	0.009131238836606902
0.45943804142908673	1.0137521574635395	0.00932028468950093
0.46331594638720003	0.9896090726569327	0.009194103673071165
0.46722039626441153	0.9982429309755187	0.009336366711520721
0.47115166455350366	0.9857235836467079	0.009224926342055911
0.47511002851727435	0.9901029593744465	0.009370785661948187
0.47909576925372244	0.986613851739249	0.009289882047461106
0.48310917176259044	1.0018735013706184	0.009643715687132154
0.4871505250132969	0.9775003958986194	0.009360079575889016
0.49122012201429394	0.9988075196248326	0.009677247557730416
0.49531825988388245	0.9836305250176774	0.009582431380631308
0.4994452399225253	0.982266318549443	0.009637654103607925
0.5036013676866893	0.993788196550894	0.009799474552465144
0.5077869530642605	0.9982603829436058	0.009868755774041739
0.5120023103515655	0.9774781808256515	0.009699925955257274
0.5162477583320458	0.9710885048836001	0.009825051730083315
0.5205236203566198	0.9924299854870343	0.010139524661812706
0.5248302244257795	1.0073998768212815	0.010388379144531085
0.4872977546357104	1.0032967987277828	0.006982517915739345
0.4918564726925381	0.987085993369249	0.006864108828694974
0.4964510150567179	0.9968828815105429	0.006979048160314513
0.5010818056775528	0.9785079886171831	0.006909479449679127
0.5057492752202625	0.9866465977727494	0.0070484504961956015
0.510453861199499	0.9859771887773267	0.007049415306829885
0.5151960081160597	0.9897800343311565	0.007129352006890506
0.5199761675968879	1.0011047855798898	0.007217944736598302
0.5247947985384536	1.0005670146190895	0.007329067735956833
0.5296523672536091	0.9772054569493203	0.007159792563620974
0.5345493476220224	0.988971127979122	0.007332669641521388
0.5394862212442829	0.9820217612449899	0.0072237309313741786
0.5444634775997912	0.9940156779276516	0.007433147298611665
0.5494816142085392	0.9860560431820041	0.007459800862526627
0.5545411367968933	0.9682957533127198	0.007320977599611682
0.559642559467494	0.9769500871102829	0.0074550795083726815
0.5647864048733967	0.9832787634927761	0.0075036888345204385
0.5699732043965752	0.9837657307697943	0.007606120202678672
0.5752034983309124	0.9834414969120099	0.0076443353091491155
0.580477836069818	0.975422542205	0.0076425763732169884
0.5857967762986028	0.9850005287480154	0.007768596130699348
0.5911608871917573	0.9811264485116765	0.007794829833635562
0.5965707466152735	0.9888801122691296	0.007862530972292505
0.6020269423341702	0.9753360196995842	0.00787824679645359
0.6075300722253699	0.9842738628172839	0.008013396930621893
0.6130807444960961	0.9840540395038743	0.008032779816948213
0.6186795779079517	0.9787129849475235	0.008085316340358223
0.6243272020068603	0.979491197742841	0.008191709506046842
0.6300242573590399	0.9723433330134742	0.00819636809448147
0.635771395793205	0.9806940196200932	0.008320610255504256
0.6415692806491814	0.9686142904503723	0.008359724664950793
0.647418587033136	0.9647555554314613	0.008404275297108398
0.5986769252439875	0.9665274729732821	0.007917989610183923
0.6048186554780532	0.9472583817978394	0.00794055282044971
0.6110197882059921	0.957374595180668	0.008109382699704524
0.6172811894224561	0.9589760545936641	0.008169618143681258
0.6236037420374119	0.9622767762059624	0.008316945540777552
0.6299883462911715	0.9514242177977185	0.008348582149639041
0.636435920181703	0.9568799685226	0.008487265312983792
0.6429473999046492	0.9541087084943541	0.008579540304633336
0.6495237403064936	0.9631436987902692	0.008730187110866695
0.6561659153513356	0.960826818140017	0.008779736544902354
0.662874918601757	0.9445749877429057	0.0089070487937103
0.6696517637142737	0.9624089898897614	0.009063644718095986
0.6764974849498954	0.9563869494423684	0.009204480545493998
0.683413137700331	0.954877815149758	0.00932836715380884
0.6903997990304044	0.9458256913515007	0.009450553307543342
0.6974585682372619	0.960947156088387	0.009633922980951557
0.7045905674269878	0.9764242543458439	0.01002924163254322
0.7117969421092561	0.951537907462218	0.009976261408296916
0.7190788618106851	0.9507924153990139	0.010102771604265724
0.7264375207075839	0.9565396414437688	0.010318674414237563
0.7338741382788059	0.9788514031814904	0.01058635925558221
0.741389959979468	0.9649428436212546	0.010890918433027356
0.7489862579363038	0.9863231703929584	0.011179248142118193
0.756664331665481	0.9913107660043048	0.01147091116695147
0.764425508813721	0.9511586448236297	0.011420419341741515
0.7722711459236181	0.9836292148152963	0.01197140869332463
0.7802026292240775	1.0025410621014095	0.012545206167365064
0.7882213754468463	1.0102624012529908	0.012919818959847947
0.7963288326701393	1.01465430862437	0.013251786443066287
0.8045264811904247	1.014198753922542	0.013759865078576003
0.8128158344234636	1.0390310262017166	0.014333984229422761
0.8211984398357598	1.036094427468975	0.01480456420497939
0.7178385538562371	0.9578261237813167	0.006993021434129921
0.7258981018811559	0.957960285188825	0.007107064574466241
0.7340512973146622	0.9497499707044909	0.007075012939858213
0.7422997818899769	0.974040014093383	0.007464596191949135
0.7506452359408675	0.9539870681281729	0.007382441449871836
0.7590893795428301	0.9733379572237258	0.00773655384514665
0.7676339736949974	0.9853488001383411	0.008046516388441055
0.776280821544477	0.9846652029918949	0.008009145952727777
0.7850317696549114	0.9844773114014771	0.008171051436927946
0.7938887093211311	1.0015045205941833	0.008526305247865691
0.8028535779318692	1.0059029568806475	0.00869921275593288
0.8119283603825969	1.021800702394646	0.008957053423837014
0.8211150905406476	1.0309734874531906	0.009267753638279332
0.8304158527648986	1.0519674268399943	0.00964633023927032
0.8398327834823965	1.0720418184761276	0.009966908027040523
0.8493680728244305	1.0978610710306789	0.010543100737748163
0.8590239663246859	1.1003812976888907	0.010846026277633487
0.8688027666822451	1.1474755358669468	0.011584419906485977
0.8787068355923388	1.185650400228453	0.012233631915853494
0.8887385956479095	1.2277720817650968	0.013078263823389582
0.8989005323152024	1.2885520715270171	0.01424111112528961
0.9091951959867659	1.3130294352358116	0.015102853328530298
0.9196252041154244	1.3260152656671624	0.015668098943078163
0.9301932434329746	1.3277594432001985	0.01623769246248388
0.9409020722575568	1.341364482981879	0.016971425875641398
0.9517545228938621	1.3211777089275434	0.017341974955836344
0.9627535041305598	1.2568664409588204	0.017285080532286796
0.9739020038395787	1.1459070344661226	0.016397567330402426
0.985203091682112	1.0537853146579934	0.016025980714794386
0.9966599219265022	0.9928313662471158	0.015691179503156228
1.0082757363834325	0.9533138706262734	0.016022237284319833
1.0200538674641655	0.9762079016939779	0.017166414710377973
0.9266088122889723	1.3461681100636766	0.014861226576161256
0.9385890602566367	1.3895214723200697	0.016233522624919103
0.9507496061072945	1.3315678827722333	0.01619196538860029
0.9630945508151936	1.2533714356935688	0.01615086849288966
0.9756281206766336	1.1373286894300516	0.015477466524497668
0.9883546721339812	1.051525462148901	0.015114976226675654
1.0012786968242386	0.9715021900479363	0.014650291916756597
1.014404826864469	0.9713556734849242	0.015672225487175378
1.0277378403871236	1.0479800630734057	0.018089402528823923
1.0412826673391913	1.1819141444686745	0.021683877143739882
1.0550443955599322	1.3971011998487743	0.027830475522740896
1.0690282771529538	1.6487814643435368	0.03456760645103535
1.0832397351693848	1.982816789681199	0.044275674347645365
1.0976843706200201	2.381930374205575	0.05639446239221654
1.1123679698354731	2.8917765983922386	0.0747183579255347
1.1272965121946696	3.3457912638374876	0.09187452890998112
1.1424761782433541	3.8886502497728426	0.11461112252462105
1.1579133582257783	4.02191775396309	0.12876508514229026
1.1736146610543043	4.5370633535135605	0.15541726370773562
1.1895869237433838	4.8820248629884295	0.1824965200064327
1.2058372213361885	4.352434144108417	0.17583413933534747
1.2223728773541975	4.982082414286013	0.22115057646126082
1.2392014748021316	4.752459027721841	0.23517441398646943
1.2563308677630145	5.494828573607633	0.28923869891336723
1.2737691936205822	5.576427315227385	0.3257857776680949
1.2915248859490172	5.077864754170751	0.335857292940839
1.3096066881128983	5.592069950150294	0.39486711053224915
1.3280236676234496	5.223420983265096	0.41628615355572246
1.3467852313006037	5.019269049321043	0.452378070117469
1.3659011412941677	6.0225680894327205	0.5843877484797148
1.3853815320213956	4.682202069882204	0.505314638131939
1.4052369280827326	6.339648192271116	0.7656206039791842
