0.18205443805914684	1.067323015354731	0.017766012229197343
0.1833081725129778	1.0979727972034359	0.018258780676482
0.18456556978122354	1.0672640323330596	0.01811966675673112
0.18582664593886225	1.0743781833995	0.018224557446387166
0.18709141715507419	1.0699695564132687	0.018430208642453882
0.1883598996939326	1.0543824198887854	0.01824297313762631
0.18963210991510127	1.0559576222224938	0.018399772586805876
0.19090806427453735	1.0523037832932411	0.01810546842335138
0.19218777932520123	1.0439745308022264	0.018236078397135157
0.1934712717177721	1.0410764206132395	0.018299207478438367
0.1947585582013704	1.0080802114579441	0.017989593496466907
0.196049655624286	1.058928384546645	0.01861846403939993
0.1973445809347138	1.0960894238413394	0.01907692122456203
0.19864335118149476	1.0925610310178102	0.0190210204093248
0.19994598351486448	1.0712293064698928	0.019064606427764672
0.20125249518720786	1.0751373313733061	0.01913927516902389
0.2025629035538211	1.0656950469598647	0.01910292436784526
0.2038772260736799	1.0671603713509479	0.01905289686314378
0.20519548031021473	1.093927431906875	0.019500590731957028
0.20651768393209363	1.0460190233666304	0.018899350414039822
0.20784385471401115	1.0639206417343645	0.01913539416387088
0.20917401053748502	1.0685283069193616	0.019362316114334314
0.21050816939165995	1.112187777084102	0.019995833959499148
0.21184634937411853	1.0805391690421922	0.01957485809891137
0.21318856869169936	1.0563827773893237	0.019321532071310817
0.21453484566132303	1.101921553607214	0.020018183478820326
0.2158851987108252	1.040792159843235	0.019192760523102138
0.2172396463797975	1.0781219200520507	0.019708290266826425
0.21859820732043583	1.0708634974370386	0.019674392762277487
0.2199609002983968	1.1037762854060573	0.020414460855567793
0.22132774419366177	1.040841992379844	0.019568887407752342
0.22269875800140837	1.0346338064774638	0.019478722333105502
0.2106545092459443	1.023256893819059	0.012912403103101214
0.21215381477672526	1.0277238442800567	0.013066359919415174
0.2136581910126337	1.0551473215313818	0.013546261752595316
0.21516766372120327	1.0430523258184357	0.013553422845218535
0.2166822588448523	1.0405682551615791	0.013623281575286575
0.21820200250237035	1.0323778855204935	0.01351330786954111
0.2197269209904196	1.0543715938135607	0.013925706698965515
0.22125704078505123	1.0597407929915674	0.01398433301677328
0.2227923885432382	1.05340144832118	0.013912129992961448
0.224332991104423	1.053406489200445	0.014046416503745777
0.22587887549208158	1.0415320552879634	0.013899506215976767
0.22743006891530368	1.0750332176658537	0.014130827100978287
0.22898659877038893	1.0288203777283083	0.013746072012172931
0.23054849264245975	1.0572030554101985	0.014341402521920343
0.23211577830709118	1.0609117103053611	0.014228213264516851
0.23368848373195708	1.0389691949431796	0.01406636678303145
0.2352666370784938	1.0455802864039359	0.014251274788826662
0.23685026670358142	1.0683759221002131	0.014357353100141766
0.23843940116124157	1.0240978129122964	0.013976850588247307
0.24003406920435413	1.0328420432057848	0.014047638808729978
0.24163429978639134	1.043412583767699	0.014228449204843946
0.24324012206316978	1.0519967452330838	0.014510942916653816
0.24485156539462127	1.0598289769807252	0.014651206671221715
0.24646865934658269	1.0692318434550767	0.014805112871077145
0.24809143369260325	1.06885440922643	0.01479335426138343
0.24971991841577276	1.0420412527827083	0.014561191632864508
0.2513541437105675	1.0461115936033007	0.01443226637879986
0.2529941399847169	1.0440865173038243	0.014706114494984194
0.2546399378610893	1.0367993388498566	0.014588446556832804
0.256291568179598	1.051434082961187	0.014866378939443892
0.25794906199912776	1.0892646298000987	0.015575952996470877
0.25961245059948146	1.0584104633319151	0.015127431031874299
0.24560570312520572	1.0349621967092792	0.01319221469173623
0.24742307116175496	1.0335078088473981	0.013232696928646643
0.24924760941949398	1.0504314347590975	0.013511932986780013
0.2510793604162493	1.0250060842799578	0.013249354844996007
0.2529183670066749	1.0201807924080641	0.01322577748686636
0.2547646723855946	1.0311371043741466	0.013524521193154736
0.2566183200913835	1.0271374184777298	0.013529592790078067
0.25847935400939076	1.0232114186467007	0.013499914527223742
0.26034781837540266	1.0281354634167792	0.013571606700959986
0.26222375777914775	1.0060809559261896	0.013263075141507761
0.2641072171678437	1.0422043709618347	0.013886188695679988
0.26599824184978743	1.016311463635775	0.013492001700947085
0.267896877497988	1.056547205657665	0.01418129528662024
0.26980317015384386	1.0330879969899425	0.013980454135474609
0.27171716623086445	1.0438267547023938	0.014107343286743684
0.273638912518437	1.0311505277827386	0.013890805673992604
0.27556845618564013	1.0209751009876018	0.013698985968665539
0.2775058447851016	1.0126318722493228	0.013780442176080267
0.2794511262569061	1.0259027796581026	0.013969811719441476
0.2814043489325489	1.0250541495510928	0.013995254532375165
0.2833655615389387	1.0323521131002005	0.014071328526142846
0.2853348132024498	1.0396543530025182	0.014417913117466562
0.2873121534530239	1.037383351572547	0.01434978790062314
0.28929763222832283	1.0282664035657496	0.01419046298934321
0.2912912998779324	1.0309850862026833	0.014370672527109628
0.2932932071676187	1.021082222376207	0.014344065071504998
0.29530340528363686	1.0160882711065464	0.014213512965713488
0.29732194583709376	1.0359807490944086	0.01446971640114728
0.2993488808683654	1.0142505509832245	0.014441514761780527
0.30138426285156855	1.0150025115719363	0.014350304222637777
0.30342814469908996	1.0456184463185625	0.014911884911920883
0.3054805797661701	1.0066862449883314	0.014410238570210357
0.287012429315267	1.0141899953879756	0.011466778231732882
0.28923219044836973	0.9889180970181406	0.01132651376355478
0.29146219269396667	1.023034803284475	0.011752453974774172
0.2937025070886762	1.0160101224162823	0.011644821855361587
0.2959532053276252	1.0000379365788252	0.011574553141824097
0.2982143597720979	1.0066477294540643	0.011722215920673287
0.30048604345729	1.0235599635085713	0.0119798542339555
0.30276833010017257	1.0169785951309747	0.011991137843599033
0.30506129410746624	1.0284967238017442	0.012035523552888146
0.30736501058372734	1.022658627780354	0.012066567705854351
0.30967955533954783	1.009278593649406	0.011915111481917953
0.31200500489987154	0.9924856639505667	0.011880797766268844
0.31434143651242824	1.0008014599289479	0.011915332903286143
0.31668892815628696	0.9872276955049256	0.011910802721829894
0.31904755855053174	1.0039711685755661	0.012080264833435982
0.3214174071630606	1.0199582579264332	0.012343765645688766
0.323798554219511	1.0004647928023482	0.012058730722205752
0.3261910807123124	1.0054265324463074	0.012214027965751745
0.3285950684098697	1.0072371315541764	0.012179334713449837
0.3310105998658788	1.0264537509540925	0.012498504268959534
0.3334377584287758	1.0007124546549968	0.012346701937262455
0.3358766282513251	1.00531902939492	0.012441535009542091
0.33832729430034375	0.9994180296708958	0.012483191394503
0.3407898423665698	0.9898078519289657	0.012383812059828933
0.34326435907467284	1.0132823084929192	0.012626454764196085
0.34575093189341244	0.9938711153500406	0.012573460294329951
0.348249649145943	0.9826809891442327	0.012482792142345642
0.35076060002027315	1.0068714610745186	0.012681729196679977
0.3532838745798758	0.9843069706831667	0.012431829456109615
0.35581956377445834	0.9952813815454665	0.012705438365807415
0.3583677594508882	1.0094898581503717	0.01285026260013551
0.3609285543642844	0.9773024524791614	0.012686082543679844
0.3389381970125749	1.0152558420768572	0.011702082422917329
0.3417018319542989	0.9987842697433922	0.011613814999852324
0.34448053657601213	0.9827948411382017	0.01144057598758109
0.3472744344736911	0.989053684097012	0.011661886830018309
0.3500836505986019	0.9955780934767504	0.011835138799144895
0.35290831127592903	1.0056645814640781	0.012073987991468284
0.35574854422371094	0.9667727491305468	0.011639230569521828
0.35860447857209005	1.006322769006405	0.01228469299184283
0.3614762448828826	0.9799248509992136	0.0119704401273608
0.36436397516947583	0.9725421017610671	0.011848357408751776
0.3672678029170562	0.9842044723726471	0.012137534131248065
0.3701878631031789	0.9842911786735421	0.012137497522343091
0.3731242922186811	1.0038243257403212	0.01250388874025304
0.37607722828895	1.0050715804900883	0.012498657041012709
0.37904681089554904	0.9837692091265483	0.012353709560286457
0.3820331811982115	0.985728441478884	0.012456997855573191
0.3850364819572079	0.9769578817733756	0.012430017025504668
0.3880568575560955	0.9801172415941153	0.012460323432236737
0.3910944540248561	0.9667773865329272	0.012401135712945455
0.3941494190634314	0.9601163725789642	0.012314776405665443
0.3972219020656625	0.9842687238019965	0.012793352972299336
0.4003120541436435	1.005717500888295	0.013173949876102268
0.4034200281524953	0.9650853739992075	0.01254577214398242
0.40654597871557036	0.9793194371058509	0.01300612910173522
0.4096900622500949	0.9884041853799829	0.013094956661672652
0.41285243699325974	0.9957009873829163	0.013501208205139047
0.416033263028767	0.9832550124628945	0.013222386814904155
0.41923270231384385	0.9848080971913641	0.01330995478437752
0.4224509187067301	0.9718654509995772	0.013269425717156828
0.4256880779946537	0.97183273436375	0.013346805538165774
0.42894434792229896	0.9665411350973091	0.0132841371623974
0.4322198982207826	0.9490854671904966	0.013163491515593094
0.40427970956209214	0.9581762769600032	0.010440372889487752
0.4077898811258455	0.9492233112396793	0.010378673319409884
0.411322907093919	0.9627747463297534	0.010681007963960504
0.4148790113997054	0.9613692773138369	0.010681672545087747
0.41845842091172714	0.9557216041272162	0.010865047201561822
0.4220613654818837	0.9565718013226627	0.010953888770757567
0.4256880779946537	0.946836124865716	0.010842292602443756
0.42933879441727296	0.9581322760185834	0.011118263254816243
0.43301375385091395	0.9531926199251354	0.011067811333947589
0.4367131985828867	0.9535017810162852	0.011091176137465965
0.4404373741398875	0.9354616758886828	0.011008194443490974
0.4441865293423189	0.9330586794748383	0.010967253404128671
0.4479609163597058	0.9570431290277959	0.011435262527103517
0.4517607907672353	0.960685205960169	0.011551553829388533
0.4555864116034446	0.9401544322552435	0.011369247513656314
0.45943804142908673	0.9677959143736157	0.011792664100114992
0.46331594638720003	0.9410647397226576	0.011568958555732143
0.46722039626441153	0.9532686560272885	0.011856506714208922
0.47115166455350366	0.9345676188327617	0.011610946424638634
0.47511002851727435	0.9359614443486034	0.011764429874592761
0.47909576925372244	0.938506145296167	0.01183675476006146
0.48310917176259044	0.9407597132321646	0.012095843601413728
0.4871505250132969	0.9608611174000532	0.012516937312255005
0.49122012201429394	0.9301494225510504	0.012035231245362073
0.49531825988388245	0.9281537172406307	0.012180467093346614
0.4994452399225253	0.9375363097210451	0.012507940916658042
0.5036013676866893	0.94141054228593	0.012636633915470803
0.5077869530642605	0.9451669028717207	0.012768381280634667
0.5120023103515655	0.9296712398064174	0.01264348007556584
0.5162477583320458	0.9328407489189403	0.012938786425561538
0.5205236203566198	0.9360817678518458	0.013086291369185807
0.5248302244257795	0.9362484380128936	0.01322811744233923
0.4872977546357104	0.9382243180476527	0.007957701476711366
0.4918564726925381	0.9268507333971253	0.007890924543767226
0.4964510150567179	0.946709634023021	0.00821146844361962
0.5010818056775528	0.9338969018073101	0.008217175549608038
0.5057492752202625	0.9408095622380811	0.008397637683082229
0.510453861199499	0.9387085376596952	0.00841390497831533
0.5151960081160597	0.9397102900182649	0.008511199252440232
0.5199761675968879	0.9522981640417548	0.008686913957742976
0.5247947985384536	0.9392268150537229	0.008658756316257158
0.5296523672536091	0.9365208475970213	0.008763345539982509
0.5345493476220224	0.9387239450899404	0.00886197114640631
0.5394862212442829	0.9510081166171465	0.009043422914998723
0.5444634775997912	0.925873011129771	0.008817238282359892
0.5494816142085392	0.9147840413562776	0.008801668708638547
0.5545411367968933	0.9055027511556926	0.008796459283583625
0.559642559467494	0.9186830334048729	0.009061799013093773
0.5647864048733967	0.9310610782945379	0.009278652488518972
0.5699732043965752	0.9136911169281987	0.009179297119426296
0.5752034983309124	0.9108018758578849	0.009213168037483609
0.580477836069818	0.9175476966821903	0.009461600104530274
0.5857967762986028	0.9143397575823881	0.009478042606314258
0.5911608871917573	0.9174060290202843	0.009672715794016996
0.5965707466152735	0.9349278149619225	0.010004177983961969
0.6020269423341702	0.913059187824561	0.00989540912328714
0.6075300722253699	0.9281666267334285	0.010246334230000619
0.6130807444960961	0.9308592171732711	0.010365124673931329
0.6186795779079517	0.9022760612061037	0.010043112368901028
0.6243272020068603	0.9026124437995408	0.010241894833682008
0.6300242573590399	0.9008396354583288	0.010384550114070126
0.635771395793205	0.9053062026725318	0.0105694124996972
0.6415692806491814	0.9192829631806517	0.011087346212129841
0.647418587033136	0.890131335372949	0.01072974796266385
0.5986769252439875	0.9038881902197129	0.00829152054073804
0.6048186554780532	0.8871965143431629	0.008350936273609874
0.6110197882059921	0.8906316869905472	0.00845837936995333
0.6172811894224561	0.8937976598232553	0.00859737465986815
0.6236037420374119	0.905647027708606	0.008887348757677507
0.6299883462911715	0.8854752409169886	0.008786964862598983
0.636435920181703	0.8951353415108753	0.009021647020200217
0.6429473999046492	0.8823747361665644	0.008998239468608048
0.6495237403064936	0.910611782313207	0.009485382279870877
0.6561659153513356	0.89652245764333	0.00941431648576716
0.662874918601757	0.8672028490855984	0.009304487476998758
0.6696517637142737	0.8967813469535657	0.009704894539431916
0.6764974849498954	0.8879537658770029	0.00983831122466363
0.683413137700331	0.8811582215357636	0.009908841814066096
0.6903997990304044	0.8799529893416849	0.010151731709242396
0.6974585682372619	0.8905916740185927	0.01032689867866517
0.7045905674269878	0.8887235959021387	0.010521443439719773
0.7117969421092561	0.8883949581861561	0.010809531833022
0.7190788618106851	0.889561901962561	0.01102581495785541
0.7264375207075839	0.8840327730265803	0.01107855660923898
0.7338741382788059	0.9116178625285453	0.01156228623212004
0.741389959979468	0.8960974669757961	0.011823530698745355
0.7489862579363038	0.9088147292003164	0.012022805490488276
0.756664331665481	0.9331072723348932	0.012740303164702548
0.764425508813721	0.8676356771848205	0.012112521501039584
0.7722711459236181	0.9231656494556034	0.013228413845830386
0.7802026292240775	0.9239882647381638	0.013544825450566234
0.7882213754468463	0.9497549882897779	0.01431892841743854
0.7963288326701393	0.9397359051597021	0.014374803227215426
0.8045264811904247	0.9545821945603582	0.015209439438643139
0.8128158344234636	0.9767081036131743	0.015838660396172828
0.8211984398357598	0.973575472091208	0.016325817740318143
0.7178385538562371	0.8972218681581752	0.008453710698459058
0.7258981018811559	0.8850987901229137	0.008426891035061156
0.7340512973146622	0.896513315708421	0.008801148453727798
0.7422997818899769	0.8834881792465116	0.00874637143942164
0.7506452359408675	0.8865771765530605	0.009026318898530061
0.7590893795428301	0.9080664833198115	0.009537431080711546
0.7676339736949974	0.8988925297750805	0.009580537079288874
0.776280821544477	0.916335893776618	0.00994710652472497
0.7850317696549114	0.9256226116729497	0.010334605699203038
0.7938887093211311	0.9239316259415745	0.010521620730498851
0.8028535779318692	0.965615821105181	0.011406631958111592
0.8119283603825969	0.9771029822114251	0.011799041768620882
0.8211150905406476	0.9871154769137516	0.01221546074890387
0.8304158527648986	0.9947687833249087	0.012476711713923633
0.8398327834823965	1.059384778603199	0.01384782939191878
0.8493680728244305	1.062825967732269	0.014210133579949463
0.8590239663246859	1.0762968699447317	0.014814281508883774
0.8688027666822451	1.1271903472072557	0.015980559448878374
0.8787068355923388	1.141552579682891	0.016493026983269682
0.8887385956479095	1.246348145436143	0.01898330883588578
0.8989005323152024	1.297116271409532	0.020443134327420006
0.9091951959867659	1.3401918148010774	0.022153426997938628
0.9196252041154244	1.346803077424278	0.022774449001684925
0.9301932434329746	1.3868384455223781	0.02458867562977255
0.9409020722575568	1.3719674869003837	0.025024717480317905
0.9517545228938621	1.412186413156531	0.02727404128879767
0.9627535041305598	1.3822353876458637	0.028259388639177797
0.9739020038395787	1.2601152599552459	0.026973092324680738
0.985203091682112	1.1088987406096285	0.024753235751723623
0.9966599219265022	1.0498948702661182	0.024390821550468223
1.0082757363834325	0.9196786471643258	0.02317196680024774
1.0200538674641655	0.9242336184350911	0.02459106643860928
0.9266088122889723	1.3912763497414076	0.021161567621860385
0.9385890602566367	1.4170536907141613	0.022679976945064354
0.9507496061072945	1.3877088059767255	0.02336938553100768
0.9630945508151936	1.3673144147725347	0.024862446791881397
0.9756281206766336	1.2054929698591244	0.022803970839506884
0.9883546721339812	1.1561007709951865	0.02362997136739241
1.0012786968242386	0.9483517344577304	0.02038459598056815
1.014404826864469	0.8961471806626253	0.020197691215342164
1.0277378403871236	0.9606355431422875	0.023538477849453517
1.0412826673391913	1.064757978413958	0.02770529278772168
1.0550443955599322	1.2981358230190885	0.037666845116116156
1.0690282771529538	1.4259234063337176	0.04252006137463599
1.0832397351693848	1.8110782950563433	0.05930335429788324
1.0976843706200201	2.121360484629179	0.07303412900104132
1.1123679698354731	2.6252147570704127	0.09814340482373868
1.1272965121946696	3.2393352399540216	0.13085021124709315
1.1424761782433541	3.744403213261297	0.16058020269961054
1.1579133582257783	3.980334726249592	0.18409291853760648
1.1736146610543043	4.682587897777861	0.23240035063246675
1.1895869237433838	5.316947484671595	0.28957211870993954
1.2058372213361885	4.829548794393647	0.2764875875320808
1.2223728773541975	4.953216060349838	0.2956155031129908
1.2392014748021316	4.684546240712868	0.30288244144009846
1.2563308677630145	6.463989243578585	0.47083365625661017
1.2737691936205822	5.218671860316377	0.3840973451349979
1.2915248859490172	5.1130892861896715	0.4203657784693881
1.3096066881128983	5.069887643618622	0.4312036825465694
1.3280236676234496	5.8864913145422895	0.5871856394971829
1.3467852313006037	4.830587316868645	0.5151528204529807
1.3659011412941677	5.361147079863594	0.6091462308489664
1.3853815320213956	5.1647360329890075	0.6645138163779504
1.4052369280827326	5.830584583016351	0.8180413238642702
